Iteration	CPUTime	PhysTime	Travels	Value	AvValue	MinValue	MaxValue	Delta	Criteria	Progress	dGMaxMin	CriteriaType	CriteriaVarType	CriteriaPercentage
1	4	0	0.0135325086	101580.584	101580.584	101580.584	101580.584	0	0	0	0	15198.8	0	0	3
2	5	0	0.0270650173	101207.355	101393.97	101207.355	101580.584	186.614719	0	0	0	21942.8	0	0	3
3	5	0	0.0405975259	101192.555	101326.831	101192.555	101580.584	253.752859	0	0	0	20845.6	0	0	3
4	6	0	0.0541300346	101291.416	101317.978	101192.555	101580.584	262.606659	0	0	0	17016.4	0	0	3
5	6	0	0.0676625432	101328.161	101320.014	101192.555	101580.584	262.606659	0	0	0	14766.9	0	0	3
6	6	0	0.0811950519	101321.365	101320.239	101192.555	101580.584	262.606659	0	0	0	12407.1	0	0	3
7	7	0	0.0947275605	101317.073	101319.787	101192.555	101580.584	262.606659	0	0	0	11920.3	0	0	3
8	7	0	0.108260069	101317.304	101319.477	101192.555	101580.584	262.606659	0	0	0	11051.1	0	0	3
9	8	0	0.121792578	101318.531	101319.372	101192.555	101580.584	262.606659	0	0	0	9494.42	0	0	3
10	8	0	0.135325086	101318.795	101319.314	101192.555	101580.584	262.606659	0	0	0	7096.06	0	0	3
11	9	0	0.148857595	101319.063	101319.291	101192.555	101580.584	262.606659	0	0	0	7073.75	0	0	3
12	9	0	0.162390104	101319.333	101319.295	101192.555	101580.584	262.606659	0	0	0	6936.32	0	0	3
13	10	0	0.175922612	101319.411	101319.303	101192.555	101580.584	262.606659	0	0	0	6776.45	0	0	3
14	10	0	0.189455121	101319.55	101319.321	101192.555	101580.584	262.606659	0	0	0	6652.14	0	0	3
15	11	0	0.20298763	101319.665	101319.344	101192.555	101580.584	262.606659	0	0	0	6504.07	0	0	3
16	11	0	0.216520138	101319.727	101319.368	101192.555	101580.584	262.606659	0	0	0	6437.02	0	0	3
17	12	0	0.230052647	101319.828	101319.395	101192.555	101580.584	262.606659	0	0	0	6351.58	0	0	3
18	12	0	0.243585156	101319.912	101319.424	101192.555	101580.584	262.606659	0	0	0	6277.76	0	0	3
19	13	0	0.257117664	101319.899	101319.449	101192.555	101580.584	262.606659	0	0	0	6210.23	0	0	3
20	13	0	0.270650173	101319.85	101319.469	101192.555	101580.584	262.606659	0	0	0	6150.87	0	0	3
21	14	0	0.284182682	101319.849	101319.487	101192.555	101580.584	262.606659	0	0	0	6093.02	0	0	3
22	14	0	0.29771519	101319.88	101319.505	101192.555	101580.584	262.606659	0	0	0	6026.47	0	0	3
23	15	0	0.311247699	101319.829	101319.519	101192.555	101580.584	262.606659	0	0	0	5959.16	0	0	3
24	15	0	0.324780208	101319.74	101319.528	101192.555	101580.584	262.606659	0	0	0	5886.48	0	0	3
25	16	0	0.338312716	101319.759	101319.537	101192.555	101580.584	262.606659	0	0	0	5830.55	0	0	3
26	16	0	0.351845225	101319.694	101319.543	101192.555	101580.584	262.606659	0	0	0	5779.07	0	0	3
27	17	0	0.365377733	101319.661	101319.548	101192.555	101580.584	262.606659	0	0	0	5721.85	0	0	3
28	17	0	0.378910242	101319.647	101319.551	101192.555	101580.584	262.606659	0	0	0	5686.78	0	0	3
29	18	0	0.392442751	101319.66	101319.555	101192.555	101580.584	262.606659	0	0	0	5654.77	0	0	3
30	18	0	0.405975259	101319.697	101319.56	101192.555	101580.584	262.606659	0	0	0	5632.56	0	0	3
31	19	0	0.419507768	101319.735	101319.565	101192.555	101580.584	262.606659	0	0	0	5616.33	0	0	3
32	19	0	0.433040277	101319.803	101319.573	101192.555	101580.584	262.606659	0	0	0	5595.92	0	0	3
33	20	0	0.446572785	101319.884	101319.582	101192.555	101580.584	262.606659	0	0	0	5577.21	0	0	3
34	20	0	0.460105294	101319.963	101319.594	101192.555	101580.584	262.606659	0	0	0	5558.86	0	0	3
35	21	0	0.473637803	101320.027	101319.606	101192.555	101580.584	262.606659	0	0	0	5545.48	0	0	3
36	21	0	0.487170311	101320.077	101319.619	101192.555	101580.584	262.606659	0	0	0	5533.49	0	0	3
37	22	0	0.50070282	101320.109	101319.632	101192.555	101580.584	262.606659	0	0	0	5521.93	0	0	3
38	22	0	0.514235329	101320.134	101312.593	101192.555	101328.161	81.3764823	0	0	0	5508.86	0	0	3
39	23	0	0.527767837	101320.15	101315.642	101192.555	101328.161	14.2383427	0	0	0	5503.73	0	0	3
40	23	0	0.541300346	101320.161	101319.09	101291.416	101328.161	7.64636032	0	0	0	5496.44	0	0	3
41	24	0	0.554832855	101320.163	101319.867	101317.073	101328.161	7.64636032	0	0	0	5491.53	0	0	3
42	24	0	0.568365363	101320.164	101319.651	101317.073	101321.365	4.29186588	0	0	0	5486.19	0	0	3
43	25	0	0.581897872	101320.159	101319.619	101317.073	101320.164	3.09042277	0	0	0	5482.29	0	0	3
44	25	0	0.59543038	101320.154	101319.702	101317.304	101320.164	2.85987826	0	0	0	5476.93	0	0	3
45	26	0	0.608962889	101320.148	101319.779	101318.531	101320.164	1.63299273	0	0	0	5474.57	0	0	3
46	26	0	0.622495398	101320.144	101319.822	101318.795	101320.164	1.36881333	0	0	0	5470.82	0	0	3
47	27	0	0.636027906	101320.138	101319.859	101319.063	101320.164	1.10020111	0	0	0	5469.22	0	0	3
48	27	0	0.649560415	101320.136	101319.888	101319.333	101320.164	0.831031921	0	0	0	5466.02	0	0	3
49	28	0	0.663092924	101320.131	101319.909	101319.411	101320.164	0.752915558	0	0	0	5464.6	0	0	3
50	28	0	0.676625432	101320.126	101319.928	101319.55	101320.164	0.613359405	0	0	0	5460.17	0	0	3
51	29	0	0.690157941	101320.124	101319.944	101319.647	101320.164	0.517006638	0	0	0	5458.29	0	0	3
52	29	0	0.70369045	101320.119	101319.956	101319.647	101320.164	0.517006638	0	0	0	5456.65	0	0	3
53	30	0	0.717222958	101320.117	101319.967	101319.647	101320.164	0.517006638	0	0	0	5455.58	0	0	3
54	30	0	0.730755467	101320.118	101319.975	101319.647	101320.164	0.517006638	0	0	0	5452.78	0	0	3
55	31	0	0.744287976	101320.121	101319.98	101319.647	101320.164	0.517006638	0	0	0	5453.07	0	0	3
56	31	0	0.757820484	101320.12	101319.986	101319.647	101320.164	0.517006638	0	0	0	5453.22	0	0	3
57	32	0	0.771352993	101320.119	101319.993	101319.647	101320.164	0.517006638	0	0	0	5452.07	0	0	3
58	32	0	0.784885502	101320.116	101320.001	101319.647	101320.164	0.517006638	0	0	0	5449.34	0	0	3
59	33	0	0.79841801	101320.112	101320.007	101319.647	101320.164	0.517006638	0	0	0	5449.3	0	0	3
60	33	0	0.811950519	101320.108	101320.014	101319.647	101320.164	0.517006638	0	0	0	5446.8	0	0	3
61	34	0	0.825483027	101320.104	101320.024	101319.647	101320.164	0.517006638	0	0	0	5445.58	0	0	3
62	34	0	0.839015536	101320.096	101320.033	101319.647	101320.164	0.517006638	0	0	0	5444.51	0	0	3
63	35	0	0.852548045	101320.095	101320.044	101319.647	101320.164	0.517006638	0	0	0	5443.28	0	0	3
64	35	0	0.866080553	101320.09	101320.056	101319.647	101320.164	0.517006638	0	0	0	5441.6	0	0	3
65	36	0	0.879613062	101320.087	101320.068	101319.66	101320.164	0.503431096	0	0	0	5442.38	0	0	3
66	36	0	0.893145571	101320.084	101320.079	101319.697	101320.164	0.466724585	0	0	0	5441.8	0	0	3
67	37	0	0.906678079	101320.082	101320.09	101319.735	101320.164	0.42811103	0	0	0	5440.42	0	0	3
68	37	0	0.920210588	101320.08	101320.099	101319.803	101320.164	0.361042241	0	0	0	5439.64	0	0	3
69	38	0	0.933743097	101320.078	101320.106	101319.884	101320.164	0.27927571	0	0	0	5439.76	0	0	3
70	38	0	0.947275605	101320.078	101320.112	101319.963	101320.164	0.200360597	0	0	0	5437.65	0	0	3
71	39	0	0.960808114	101320.076	101320.115	101320.027	101320.164	0.136266442	0	0	0	5435.64	0	0	3
72	39	0	0.974340623	101320.075	101320.116	101320.075	101320.164	0.0883275045	0	0	0	5433.65	0	0	3
73	40	0	0.987873131	101320.075	101320.116	101320.075	101320.164	0.0885910477	0	0	0	5433.17	0	0	3
74	40	0	1.00140564	101320.073	101320.115	101320.073	101320.164	0.0900785016	4.06817848	0	100	5432.27	0	0	3
