Iteration	CPUTime	PhysTime	Travels	Value	AvValue	MinValue	MaxValue	Delta	Criteria	Progress	dGMaxMin	CriteriaType	CriteriaVarType	CriteriaPercentage
1	6	0	0.0115386682	293.210797	293.210797	293.210797	293.210797	0	0	0	5.56233	0	0	3
2	6	0	0.0230773363	293.205262	293.208029	293.205262	293.210797	0.00276749333	0	0	6.10426	0	0	3
3	7	0	0.0346160045	293.201427	293.205829	293.201427	293.210797	0.00496817046	0	0	6.66881	0	0	3
4	8	0	0.0461546727	293.201434	293.20473	293.201427	293.210797	0.00606685838	0	0	7.25036	0	0	3
5	9	0	0.0576933408	293.202338	293.204252	293.201427	293.210797	0.00654519183	0	0	7.84561	0	0	3
6	10	0	0.069232009	293.203232	293.204082	293.201427	293.210797	0.00671518555	0	0	8.34063	0	0	3
7	11	0	0.0807706772	293.203936	293.204061	293.201427	293.210797	0.00673601888	0	0	8.85512	0	0	3
8	12	0	0.0923093453	293.204594	293.204128	293.201427	293.210797	0.00673601888	0	0	9.51787	0	0	3
9	13	0	0.103848013	293.20519	293.204246	293.201427	293.210797	0.00673601888	0	0	9.8766	0	0	3
10	13	0	0.115386682	293.205673	293.204388	293.201427	293.210797	0.00673601888	0	0	8.20155	0	0	3
11	14	0	0.12692535	293.206177	293.204551	293.201427	293.210797	0.00673601888	0	0	6.81806	0	0	3
12	15	0	0.138464018	293.206437	293.204708	293.201427	293.210797	0.00673601888	0	0	6.7072	0	0	3
13	16	0	0.150002686	293.20657	293.204851	293.201427	293.210797	0.00673601888	0	0	6.6717	0	0	3
14	17	0	0.161541354	293.206644	293.204979	293.201427	293.210797	0.00673601888	0	0	6.63632	0	0	3
15	18	0	0.173080022	293.206746	293.205097	293.201427	293.210797	0.00673601888	0	0	6.59394	0	0	3
16	19	0	0.184618691	293.206894	293.205209	293.201427	293.210797	0.00673601888	0	0	6.53861	0	0	3
17	19	0	0.196157359	293.207047	293.205318	293.201427	293.210797	0.00673601888	0	0	6.51194	0	0	3
18	20	0	0.207696027	293.207199	293.205422	293.201427	293.210797	0.00673601888	0	0	6.45492	0	0	3
19	21	0	0.219234695	293.207349	293.205523	293.201427	293.210797	0.00673601888	0	0	6.39977	0	0	3
20	22	0	0.230773363	293.207498	293.205622	293.201427	293.210797	0.00673601888	0	0	6.34916	0	0	3
21	23	0	0.242312031	293.207705	293.205721	293.201427	293.210797	0.00673601888	0	0	6.28681	0	0	3
22	24	0	0.2538507	293.207904	293.205821	293.201427	293.210797	0.00673601888	0	0	6.22869	0	0	3
23	25	0	0.265389368	293.208087	293.205919	293.201427	293.210797	0.00673601888	0	0	6.18983	0	0	3
24	26	0	0.276928036	293.20825	293.206016	293.201427	293.210797	0.00673601888	0	0	6.14266	0	0	3
25	26	0	0.288466704	293.208392	293.206111	293.201427	293.210797	0.00673601888	0	0	6.11855	0	0	3
26	27	0	0.300005372	293.208551	293.206205	293.201427	293.210797	0.00673601888	0	0	6.09231	0	0	3
27	28	0	0.31154404	293.208671	293.206296	293.201427	293.210797	0.00673601888	0	0	6.05686	0	0	3
28	29	0	0.323082709	293.208754	293.206384	293.201427	293.210797	0.00673601888	0	0	6.01582	0	0	3
29	30	0	0.334621377	293.2088	293.206468	293.201427	293.210797	0.00673601888	0	0	5.9749	0	0	3
30	31	0	0.346160045	293.208814	293.206546	293.201427	293.210797	0.00673601888	0	0	5.93402	0	0	3
31	31	0	0.357698713	293.208766	293.206617	293.201427	293.210797	0.00673601888	0	0	5.87054	0	0	3
32	32	0	0.369237381	293.208686	293.206682	293.201427	293.210797	0.00673601888	0	0	5.83883	0	0	3
33	33	0	0.380776049	293.208588	293.20674	293.201427	293.210797	0.00673601888	0	0	5.75764	0	0	3
34	34	0	0.392314718	293.208497	293.206791	293.201427	293.210797	0.00673601888	0	0	5.70508	0	0	3
35	35	0	0.403853386	293.208418	293.206838	293.201427	293.210797	0.00673601888	0	0	5.65925	0	0	3
36	35	0	0.415392054	293.208367	293.20688	293.201427	293.210797	0.00673601888	0	0	5.63111	0	0	3
37	36	0	0.426930722	293.208381	293.206921	293.201427	293.210797	0.00673601888	0	0	5.63511	0	0	3
38	37	0	0.43846939	293.208456	293.206961	293.201427	293.210797	0.00673601888	0	0	5.63424	0	0	3
39	38	0	0.450008058	293.208577	293.207003	293.201427	293.210797	0.00673601888	0	0	5.6342	0	0	3
40	39	0	0.461546727	293.208733	293.207046	293.201427	293.210797	0.00673601888	0	0	5.63305	0	0	3
41	39	0	0.473085395	293.208973	293.207093	293.201427	293.210797	0.00673601888	0	0	5.63443	0	0	3
42	40	0	0.484624063	293.209205	293.207143	293.201427	293.210797	0.00673601888	0	0	5.6315	0	0	3
43	41	0	0.496162731	293.209402	293.207196	293.201427	293.210797	0.00673601888	0	0	5.63311	0	0	3
44	42	0	0.507701399	293.209572	293.20725	293.201427	293.210797	0.00673601888	0	0	5.63081	0	0	3
45	43	0	0.519240067	293.209717	293.207225	293.201427	293.209717	0.00396852555	0	0	5.63382	0	0	3
46	44	0	0.530778736	293.209834	293.207329	293.201427	293.209834	0.00326829784	0	0	5.63008	0	0	3
47	44	0	0.542317404	293.209937	293.207523	293.201434	293.209937	0.00346170825	0	0	5.63189	0	0	3
48	45	0	0.553856072	293.210035	293.207718	293.202338	293.210035	0.00365718893	0	0	5.6287	0	0	3
49	46	0	0.56539474	293.21012	293.207895	293.203232	293.21012	0.00383405164	0	0	5.62385	0	0	3
50	47	0	0.576933408	293.21019	293.208053	293.203936	293.21019	0.00399218619	0	0	5.62074	0	0	3
51	47	0	0.588472076	293.21024	293.208196	293.204594	293.21024	0.00406886458	0	0	5.62094	0	0	3
52	48	0	0.600010745	293.210279	293.208326	293.20519	293.210279	0.00408004274	0	0	5.61861	0	0	3
53	49	0	0.611549413	293.210304	293.208442	293.205673	293.210304	0.0040535227	0	0	5.6197	0	0	3
54	50	0	0.623088081	293.210319	293.208547	293.206177	293.210319	0.00399650405	0	0	5.61767	0	0	3
55	51	0	0.634626749	293.21032	293.208642	293.206437	293.21032	0.0038832607	0	0	5.61952	0	0	3
56	51	0	0.646165417	293.210317	293.20873	293.20657	293.21032	0.00375004683	0	0	5.61745	0	0	3
57	52	0	0.657704085	293.210302	293.208815	293.206644	293.21032	0.0036769656	0	0	5.6202	0	0	3
58	53	0	0.669242754	293.210284	293.208897	293.206746	293.21032	0.00357464606	0	0	5.61723	0	0	3
59	54	0	0.680781422	293.210268	293.208977	293.206894	293.21032	0.00342667263	0	0	5.62036	0	0	3
60	54	0	0.69232009	293.210258	293.209054	293.207047	293.21032	0.0032736467	0	0	5.6171	0	0	3
61	55	0	0.703858758	293.21024	293.209126	293.207199	293.21032	0.00312145134	0	0	5.62018	0	0	3
62	56	0	0.715397426	293.210226	293.209195	293.207349	293.21032	0.00297149982	0	0	5.61672	0	0	3
63	57	0	0.726936094	293.210213	293.20926	293.207498	293.21032	0.002822544	0	0	5.61998	0	0	3
64	58	0	0.738474763	293.210205	293.209322	293.207705	293.21032	0.00261500336	0	0	5.61635	0	0	3
65	58	0	0.750013431	293.210189	293.209378	293.207904	293.21032	0.00241639906	0	0	5.61984	0	0	3
66	59	0	0.761552099	293.210182	293.20943	293.208087	293.21032	0.00223370304	0	0	5.6162	0	0	3
67	60	0	0.773090767	293.21017	293.209477	293.20825	293.21032	0.00207001251	0	0	5.61989	0	0	3
68	61	0	0.784629435	293.210157	293.209521	293.208367	293.21032	0.001953061	0	0	5.61579	0	0	3
69	62	0	0.796168103	293.210144	293.209561	293.208367	293.21032	0.001953061	0	0	5.61986	0	0	3
70	62	0	0.807706772	293.210133	293.209596	293.208367	293.21032	0.001953061	0	0	5.6157	0	0	3
71	63	0	0.81924544	293.21012	293.209629	293.208367	293.21032	0.001953061	0	0	5.61989	0	0	3
72	64	0	0.830784108	293.210112	293.20966	293.208367	293.21032	0.001953061	0	0	5.61552	0	0	3
73	65	0	0.842322776	293.210102	293.20969	293.208367	293.21032	0.001953061	0	0	5.61973	0	0	3
74	65	0	0.853861444	293.210099	293.209719	293.208367	293.21032	0.001953061	0	0	5.6154	0	0	3
75	66	0	0.865400112	293.210093	293.209749	293.208367	293.21032	0.001953061	0	0	5.61988	0	0	3
76	67	0	0.876938781	293.210087	293.209781	293.208367	293.21032	0.001953061	0	0	5.61528	0	0	3
77	68	0	0.888477449	293.210075	293.209815	293.208367	293.21032	0.001953061	0	0	5.61976	0	0	3
78	69	0	0.900016117	293.210063	293.20985	293.208367	293.21032	0.001953061	0	0	5.61512	0	0	3
79	69	0	0.911554785	293.210047	293.209887	293.208367	293.21032	0.001953061	0	0	5.61989	0	0	3
80	70	0	0.923093453	293.210034	293.209925	293.208381	293.21032	0.00193936297	0	0	5.615	0	0	3
81	71	0	0.934632121	293.210024	293.209963	293.208456	293.21032	0.00186446008	0	0	5.61981	0	0	3
82	72	0	0.94617079	293.210021	293.209998	293.208577	293.21032	0.00174349813	0	0	5.61492	0	0	3
83	72	0	0.957709458	293.210015	293.210031	293.208733	293.21032	0.00158768983	0	0	5.61991	0	0	3
84	73	0	0.969248126	293.210013	293.21006	293.208973	293.21032	0.00134753498	0	0	5.61492	0	0	3
85	74	0	0.980786794	293.210012	293.210084	293.209205	293.21032	0.0011153577	0	0	5.61977	0	0	3
86	75	0	0.992325462	293.210012	293.210102	293.209402	293.21032	0.00091840724	0	0	5.61481	0	0	3
87	76	0	1.00386413	293.210007	293.210116	293.209572	293.21032	0.000748897922	0.000266791694	35.6	5.61965	0	0	3
88	76	0	1.0154028	293.210003	293.210126	293.209717	293.21032	0.000603273633	0.000266791694	44.2	5.61475	0	0	3
89	77	0	1.02694147	293.209998	293.210132	293.209834	293.21032	0.000486289452	0.000266791694	54.8	5.6196	0	0	3
90	78	0	1.03848013	293.209996	293.210136	293.209937	293.21032	0.000382998417	0.000266791694	69.6	5.61454	0	0	3
91	79	0	1.0500188	293.209993	293.210137	293.209993	293.21032	0.000327699592	0.000266791694	81.4	5.61952	0	0	3
92	79	0	1.06155747	293.209994	293.210136	293.209993	293.21032	0.000327699592	0.000266791694	81.4	5.61456	0	0	3
93	80	0	1.07309614	293.209997	293.210133	293.209993	293.21032	0.000327699592	0.000266791694	81.4	5.61949	0	0	3
94	81	0	1.08463481	293.210002	293.210129	293.209993	293.21032	0.000327699592	0.000266791694	81.4	5.61459	0	0	3
95	82	0	1.09617348	293.210005	293.210124	293.209993	293.21032	0.000327699592	0.000266791694	81.4	5.6194	0	0	3
96	83	0	1.10771214	293.210008	293.210117	293.209993	293.21032	0.000327699592	0.000266791694	81.4	5.61442	0	0	3
97	83	0	1.11925081	293.210011	293.210111	293.209993	293.21032	0.000327699592	0.000266791694	81.4	5.61935	0	0	3
98	84	0	1.13078948	293.210014	293.210104	293.209993	293.21032	0.000327699592	0.000266791694	81.4	5.61445	0	0	3
99	85	0	1.14232815	293.210014	293.210097	293.209993	293.210317	0.000324043963	0.000266791694	82.3	5.61924	0	0	3
100	86	0	1.15386682	293.210016	293.21009	293.209993	293.210302	0.00030923189	0.000266791694	86.2	5.61448	0	0	3
101	87	0	1.16540548	293.210018	293.210084	293.209993	293.210284	0.000291288368	0.000266791694	91.5	5.61923	0	0	3
102	88	0	1.17694415	293.210021	293.210078	293.209993	293.210268	0.000275426425	0.000266791694	96.8	5.61459	0	0	3
103	88	0	1.18848282	293.210023	293.210072	293.209993	293.210258	0.000265638789	0.000266791694	100	5.61921	0	0	3
