Iteration	CPUTime	PhysTime	Travels	Value	AvValue	MinValue	MaxValue	Delta	Criteria	Progress	dGMaxMin	CriteriaType	CriteriaVarType	CriteriaPercentage
1	4	0	0.0110075593	293.203793	293.203793	293.203793	293.203793	0	0	0	0	12.4356	0	0	3
2	6	0	0.0220151186	293.200233	293.202013	293.200233	293.203793	0.00178011102	0	0	0	13.6201	0	0	3
3	7	0	0.033022678	293.19923	293.201085	293.19923	293.203793	0.00270775493	0	0	0	15.3646	0	0	3
4	8	0	0.0440302373	293.200002	293.200814	293.19923	293.203793	0.00297860574	0	0	0	16.1972	0	0	3
5	9	0	0.0550377966	293.200759	293.200803	293.19923	293.203793	0.00298972838	0	0	0	15.3908	0	0	3
6	10	0	0.0660453559	293.201019	293.200839	293.19923	293.203793	0.00298972838	0	0	0	12.6866	0	0	3
7	12	0	0.0770529153	293.201306	293.200906	293.19923	293.203793	0.00298972838	0	0	0	11.1983	0	0	3
8	13	0	0.0880604746	293.201528	293.200984	293.19923	293.203793	0.00298972838	0	0	0	11.0707	0	0	3
9	14	0	0.0990680339	293.201668	293.20106	293.19923	293.203793	0.00298972838	0	0	0	10.616	0	0	3
10	15	0	0.110075593	293.201796	293.201133	293.19923	293.203793	0.00298972838	0	0	0	10.5226	0	0	3
11	16	0	0.121083153	293.201996	293.201212	293.19923	293.203793	0.00298972838	0	0	0	10.9919	0	0	3
12	17	0	0.132090712	293.202183	293.201293	293.19923	293.203793	0.00298972838	0	0	0	10.6427	0	0	3
13	18	0	0.143098271	293.202348	293.201374	293.19923	293.203793	0.00298972838	0	0	0	10.5762	0	0	3
14	20	0	0.154105831	293.202501	293.201454	293.19923	293.203793	0.00298972838	0	0	0	10.3074	0	0	3
15	21	0	0.16511339	293.202639	293.201533	293.19923	293.203793	0.00298972838	0	0	0	9.91909	0	0	3
16	22	0	0.176120949	293.202829	293.201614	293.19923	293.203793	0.00298972838	0	0	0	9.39611	0	0	3
17	23	0	0.187128509	293.203005	293.201696	293.19923	293.203793	0.00298972838	0	0	0	8.81475	0	0	3
18	24	0	0.198136068	293.203165	293.201778	293.19923	293.203793	0.00298972838	0	0	0	8.32203	0	0	3
19	25	0	0.209143627	293.203315	293.201859	293.19923	293.203793	0.00298972838	0	0	0	7.94215	0	0	3
20	26	0	0.220151186	293.203455	293.201938	293.19923	293.203793	0.00298972838	0	0	0	7.6432	0	0	3
21	27	0	0.231158746	293.203648	293.20202	293.19923	293.203793	0.00298972838	0	0	0	7.24916	0	0	3
22	28	0	0.242166305	293.203827	293.202102	293.19923	293.203827	0.00298972838	0	0	0	7.13723	0	0	3
23	30	0	0.253173864	293.203991	293.202184	293.19923	293.203991	0.00298972838	0	0	0	7.08269	0	0	3
24	31	0	0.264181424	293.204142	293.202266	293.19923	293.204142	0.00298972838	0	0	0	7.03102	0	0	3
25	32	0	0.275188983	293.20428	293.202346	293.19923	293.20428	0.00298972838	0	0	0	6.9822	0	0	3
26	33	0	0.286196542	293.20446	293.202428	293.19923	293.20446	0.00298972838	0	0	0	6.93564	0	0	3
27	34	0	0.297204102	293.204612	293.202508	293.19923	293.204612	0.00298972838	0	0	0	6.86569	0	0	3
28	35	0	0.308211661	293.204736	293.202588	293.19923	293.204736	0.00298972838	0	0	0	6.79227	0	0	3
29	36	0	0.31921922	293.204838	293.202666	293.19923	293.204838	0.00298972838	0	0	0	6.73023	0	0	3
30	37	0	0.33022678	293.204918	293.202741	293.19923	293.204918	0.00298972838	0	0	0	6.6716	0	0	3
31	38	0	0.341234339	293.205	293.202814	293.19923	293.205	0.00298972838	0	0	0	6.62165	0	0	3
32	40	0	0.352241898	293.205057	293.202884	293.19923	293.205057	0.00298972838	0	0	0	6.55643	0	0	3
33	41	0	0.363249458	293.205099	293.202951	293.19923	293.205099	0.00298972838	0	0	0	6.50792	0	0	3
34	42	0	0.374257017	293.205133	293.203015	293.19923	293.205133	0.00298972838	0	0	0	6.46836	0	0	3
35	43	0	0.385264576	293.20516	293.203076	293.19923	293.20516	0.00298972838	0	0	0	6.44113	0	0	3
36	44	0	0.396272136	293.205199	293.203135	293.19923	293.205199	0.00298972838	0	0	0	6.41435	0	0	3
37	45	0	0.407279695	293.205234	293.203192	293.19923	293.205234	0.00298972838	0	0	0	6.39801	0	0	3
38	46	0	0.418287254	293.205262	293.203246	293.19923	293.205262	0.00298972838	0	0	0	6.39465	0	0	3
39	47	0	0.429294814	293.205289	293.203299	293.19923	293.205289	0.00298972838	0	0	0	6.39445	0	0	3
40	48	0	0.440302373	293.20531	293.203349	293.19923	293.20531	0.00298972838	0	0	0	6.38538	0	0	3
41	50	0	0.451309932	293.205333	293.203397	293.19923	293.205333	0.00298972838	0	0	0	6.38218	0	0	3
42	51	0	0.462317492	293.205351	293.203444	293.19923	293.205351	0.00298972838	0	0	0	6.37911	0	0	3
43	52	0	0.473325051	293.205365	293.203489	293.19923	293.205365	0.00298972838	0	0	0	6.37965	0	0	3
44	53	0	0.48433261	293.205371	293.203531	293.19923	293.205371	0.00298972838	0	0	0	6.36923	0	0	3
45	54	0	0.49534017	293.205375	293.203572	293.19923	293.205375	0.00298972838	0	0	0	6.36871	0	0	3
46	55	0	0.506347729	293.205381	293.203612	293.19923	293.205381	0.00298972838	0	0	0	6.36968	0	0	3
47	56	0	0.517355288	293.205383	293.203646	293.19923	293.205383	0.00284302968	0	0	0	6.3673	0	0	3
48	58	0	0.528362848	293.205385	293.203758	293.19923	293.205385	0.00295502541	0	0	0	6.36319	0	0	3
49	59	0	0.539370407	293.205387	293.203892	293.200002	293.205387	0.00308887302	0	0	0	6.36209	0	0	3
50	60	0	0.550377966	293.205388	293.204009	293.200759	293.205388	0.00320596911	0	0	0	6.36314	0	0	3
51	61	0	0.561385526	293.205392	293.20411	293.201019	293.205392	0.00327079758	0	0	0	6.36444	0	0	3
52	62	0	0.572393085	293.205398	293.204205	293.201306	293.205398	0.00329927679	0	0	0	6.35553	0	0	3
53	63	0	0.583400644	293.205399	293.204294	293.201528	293.205399	0.00331050576	0	0	0	6.35624	0	0	3
54	64	0	0.594408203	293.205402	293.204378	293.201668	293.205402	0.00331870756	0	0	0	6.35943	0	0	3
55	65	0	0.605415763	293.205403	293.20446	293.201796	293.205403	0.00332623984	0	0	0	6.36371	0	0	3
56	66	0	0.616423322	293.205402	293.204538	293.201996	293.205403	0.00332616502	0	0	0	6.35975	0	0	3
57	67	0	0.627430881	293.205402	293.204612	293.202183	293.205403	0.00322004457	0	0	0	6.35776	0	0	3
58	69	0	0.638438441	293.205403	293.204682	293.202348	293.205403	0.00305439205	0	0	0	6.36066	0	0	3
59	70	0	0.649446	293.205399	293.204748	293.202501	293.205403	0.00290211361	0	0	0	6.36176	0	0	3
60	71	0	0.660453559	293.205396	293.204811	293.202639	293.205403	0.00276368499	0	0	0	6.36012	0	0	3
61	72	0	0.671461119	293.205396	293.204871	293.202829	293.205403	0.00257352885	0	0	0	6.36058	0	0	3
62	73	0	0.682468678	293.205394	293.204927	293.203005	293.205403	0.00239776474	0	0	0	6.35918	0	0	3
63	74	0	0.693476237	293.205394	293.204979	293.203165	293.205403	0.00223743563	0	0	0	6.36298	0	0	3
64	75	0	0.704483797	293.205396	293.205027	293.203315	293.205403	0.00208809001	0	0	0	6.35932	0	0	3
65	76	0	0.715491356	293.205393	293.205073	293.203455	293.205403	0.00194736784	0	0	0	6.36091	0	0	3
66	77	0	0.726498915	293.205391	293.205115	293.203648	293.205403	0.00175455043	0	0	0	6.36334	0	0	3
67	79	0	0.737506475	293.20539	293.205152	293.203827	293.205403	0.00157588188	0	0	0	6.36101	0	0	3
68	80	0	0.748514034	293.205389	293.205186	293.203991	293.205403	0.00141132953	0	0	0	6.3655	0	0	3
69	81	0	0.759521593	293.205393	293.205217	293.204142	293.205403	0.00126081166	0	0	0	6.36917	0	0	3
70	82	0	0.770529153	293.205396	293.205244	293.20428	293.205403	0.00112319182	0	0	0	6.36153	0	0	3
71	83	0	0.781536712	293.205395	293.205268	293.20446	293.205403	0.000942880851	0	0	0	6.36316	0	0	3
72	84	0	0.792544271	293.205397	293.205289	293.204612	293.205403	0.000791122404	0	0	0	6.36342	0	0	3
73	85	0	0.803551831	293.205398	293.205306	293.204736	293.205403	0.000666958281	0	0	0	6.36754	0	0	3
74	86	0	0.81455939	293.205395	293.20532	293.204838	293.205403	0.000565182299	0	0	0	6.37063	0	0	3
75	88	0	0.825566949	293.205394	293.205332	293.204918	293.205403	0.000484784769	0	0	0	6.37682	0	0	3
76	89	0	0.836574509	293.205395	293.205343	293.205	293.205403	0.000402309887	0	0	0	6.37824	0	0	3
77	90	0	0.847582068	293.205391	293.205351	293.205057	293.205403	0.000345456909	0	0	0	6.37765	0	0	3
78	91	0	0.858589627	293.205391	293.205358	293.205099	293.205403	0.000303354234	0	0	0	6.38157	0	0	3
79	92	0	0.869597187	293.205392	293.205365	293.205133	293.205403	0.000270121964	0	0	0	6.38115	0	0	3
80	93	0	0.880604746	293.205389	293.20537	293.20516	293.205403	0.000243141639	0	0	0	6.38559	0	0	3
81	94	0	0.891612305	293.20539	293.205375	293.205199	293.205403	0.00020366987	0	0	0	6.38647	0	0	3
82	95	0	0.902619865	293.205393	293.20538	293.205234	293.205403	0.000168618562	0	0	0	6.38123	0	0	3
83	97	0	0.913627424	293.205391	293.205383	293.205262	293.205403	0.000140404028	0	0	0	6.38177	0	0	3
84	98	0	0.924634983	293.205393	293.205386	293.205289	293.205403	0.000114221679	0	0	0	6.38285	0	0	3
85	99	0	0.935642543	293.205396	293.205388	293.20531	293.205403	9.3095168e-05	0	0	0	6.38657	0	0	3
86	100	0	0.946650102	293.205395	293.20539	293.205333	293.205403	6.94195928e-05	0	0	0	6.38144	0	0	3
87	101	0	0.957657661	293.205396	293.205391	293.205351	293.205403	5.16467701e-05	0	0	0	6.37893	0	0	3
88	103	0	0.96866522	293.205399	293.205392	293.205365	293.205403	3.79083241e-05	0	0	0	6.38186	0	0	3
89	104	0	0.97967278	293.205399	293.205393	293.205371	293.205403	3.1847371e-05	0	0	0	6.3815	0	0	3
90	105	0	0.990680339	293.2054	293.205394	293.205375	293.205403	2.75695569e-05	0	0	0	6.37923	0	0	3
91	106	0	1.0016879	293.2054	293.205394	293.205381	293.205403	2.12560133e-05	0.000185183469	0	100	6.3791	0	0	3
