Iteration	CPUTime	PhysTime	Travels	Value	AvValue	MinValue	MaxValue	Delta	Criteria	Progress	dGMaxMin	CriteriaType	CriteriaVarType	CriteriaPercentage
1	1	0	0.0140513848	0	0	0	0	0	0	0	0	0	0	0	3
2	2	0	0.0281027697	0	0	0	0	0	0	0	0	0	0	0	3
3	3	0	0.0421541545	0	0	0	0	0	0	0	0	0	0	0	3
4	3	0	0.0562055393	0	0	0	0	0	0	0	0	0	0	0	3
5	4	0	0.0702569242	0	0	0	0	0	0	0	0	0	0	0	3
6	4	0	0.084308309	0	0	0	0	0	0	0	0	0	0	0	3
7	5	0	0.0983596938	0	0	0	0	0	0	0	0	0	0	0	3
8	5	0	0.112411079	0	0	0	0	0	0	0	0	0	0	0	3
9	6	0	0.126462463	0	0	0	0	0	0	0	0	0	0	0	3
10	6	0	0.140513848	0	0	0	0	0	0	0	0	0	0	0	3
11	7	0	0.154565233	0	0	0	0	0	0	0	0	0	0	0	3
12	8	0	0.168616618	0	0	0	0	0	0	0	0	0	0	0	3
13	8	0	0.182668003	0	0	0	0	0	0	0	0	0	0	0	3
14	9	0	0.196719388	0	0	0	0	0	0	0	0	0	0	0	3
15	9	0	0.210770772	0	0	0	0	0	0	0	0	0	0	0	3
16	10	0	0.224822157	0	0	0	0	0	0	0	0	0	0	0	3
17	10	0	0.238873542	0	0	0	0	0	0	0	0	0	0	0	3
18	11	0	0.252924927	0	0	0	0	0	0	0	0	0	0	0	3
19	11	0	0.266976312	0	0	0	0	0	0	0	0	0	0	0	3
20	12	0	0.281027697	0	0	0	0	0	0	0	0	0	0	0	3
21	13	0	0.295079081	0	0	0	0	0	0	0	0	0	0	0	3
22	13	0	0.309130466	0	0	0	0	0	0	0	0	0	0	0	3
23	14	0	0.323181851	0	0	0	0	0	0	0	0	0	0	0	3
24	14	0	0.337233236	0	0	0	0	0	0	0	0	0	0	0	3
25	15	0	0.351284621	0	0	0	0	0	0	0	0	0	0	0	3
26	15	0	0.365336006	0	0	0	0	0	0	0	0	0	0	0	3
27	16	0	0.37938739	0	0	0	0	0	0	0	0	0	0	0	3
28	16	0	0.393438775	0	0	0	0	0	0	0	0	0	0	0	3
29	17	0	0.40749016	0	0	0	0	0	0	0	0	0	0	0	3
30	18	0	0.421541545	0	0	0	0	0	0	0	0	0	0	0	3
31	18	0	0.43559293	0	0	0	0	0	0	0	0	0	0	0	3
32	19	0	0.449644315	0	0	0	0	0	0	0	0	0	0	0	3
33	19	0	0.463695699	0	0	0	0	0	0	0	0	0	0	0	3
34	20	0	0.477747084	0	0	0	0	0	0	0	0	0	0	0	3
35	20	0	0.491798469	0	0	0	0	0	0	0	0	0	0	0	3
36	21	0	0.505849854	0	0	0	0	0	0	0	0	0	0	0	3
37	22	0	0.519901239	0	0	0	0	0	0	0	0	0	0	0	3
38	22	0	0.533952624	0	0	0	0	0	0	0	0	0	0	0	3
39	23	0	0.548004008	0	0	0	0	0	0	0	0	0	0	0	3
40	23	0	0.562055393	0	0	0	0	0	0	0	0	0	0	0	3
41	24	0	0.576106778	0	0	0	0	0	0	0	0	0	0	0	3
42	25	0	0.590158163	0	0	0	0	0	0	0	0	0	0	0	3
43	25	0	0.604209548	0	0	0	0	0	0	0	0	0	0	0	3
44	26	0	0.618260933	0	0	0	0	0	0	0	0	0	0	0	3
45	26	0	0.632312317	0	0	0	0	0	0	0	0	0	0	0	3
46	27	0	0.646363702	0	0	0	0	0	0	0	0	0	0	0	3
47	28	0	0.660415087	0	0	0	0	0	0	0	0	0	0	0	3
48	28	0	0.674466472	0	0	0	0	0	0	0	0	0	0	0	3
49	29	0	0.688517857	0	0	0	0	0	0	0	0	0	0	0	3
50	29	0	0.702569242	0	0	0	0	0	0	0	0	0	0	0	3
51	30	0	0.716620626	0	0	0	0	0	0	0	0	0	0	0	3
52	30	0	0.730672011	0	0	0	0	0	0	0	0	0	0	0	3
53	31	0	0.744723396	0	0	0	0	0	0	0	0	0	0	0	3
54	32	0	0.758774781	0	0	0	0	0	0	0	0	0	0	0	3
55	32	0	0.772826166	0	0	0	0	0	0	0	0	0	0	0	3
56	33	0	0.786877551	0	0	0	0	0	0	0	0	0	0	0	3
57	33	0	0.800928935	0	0	0	0	0	0	0	0	0	0	0	3
58	34	0	0.81498032	0	0	0	0	0	0	0	0	0	0	0	3
59	35	0	0.829031705	0	0	0	0	0	0	0	0	0	0	0	3
60	35	0	0.84308309	0	0	0	0	0	0	0	0	0	0	0	3
61	36	0	0.857134475	0	0	0	0	0	0	0	0	0	0	0	3
62	36	0	0.87118586	0	0	0	0	0	0	0	0	0	0	0	3
63	37	0	0.885237244	0	0	0	0	0	0	0	0	0	0	0	3
64	38	0	0.899288629	0	0	0	0	0	0	0	0	0	0	0	3
65	38	0	0.913340014	0	0	0	0	0	0	0	0	0	0	0	3
66	39	0	0.927391399	0	0	0	0	0	0	0	0	0	0	0	3
67	39	0	0.941442784	0	0	0	0	0	0	0	0	0	0	0	3
68	40	0	0.955494169	0	0	0	0	0	0	0	0	0	0	0	3
69	40	0	0.969545553	0	0	0	0	0	0	0	0	0	0	0	3
70	41	0	0.983596938	0	0	0	0	0	0	0	0	0	0	0	3
71	42	0	0.997648323	0	0	0	0	0	0	0	0	0	0	0	3
72	42	0	1.01169971	0	0	0	0	0	5e-06	0	100	0	0	0	3
73	43	0	1.02575109	0	0	0	0	0	5e-06	0	100	0	0	0	3
74	43	0	1.03980248	0	0	0	0	0	5e-06	0	100	0	0	0	3
75	44	0	1.05385386	0	0	0	0	0	5e-06	0	100	0	0	0	3
76	45	0	1.06790525	0	0	0	0	0	5e-06	0	100	0	0	0	3
77	45	0	1.08195663	0	0	0	0	0	5e-06	0	100	0	0	0	3
78	46	0	1.09600802	0	0	0	0	0	5e-06	0	100	0	0	0	3
79	47	0	1.1100594	0	0	0	0	0	5e-06	0	100	0	0	0	3
80	47	0	1.12411079	0	0	0	0	0	5e-06	0	100	0	0	0	3
81	48	0	1.13816217	0	0	0	0	0	5e-06	0	100	0	0	0	3
82	48	0	1.15221356	0	0	0	0	0	5e-06	0	100	0	0	0	3
83	49	0	1.16626494	0	0	0	0	0	5e-06	0	100	0	0	0	3
84	49	0	1.18031633	0	0	0	0	0	5e-06	0	100	0	0	0	3
85	50	0	1.19436771	0	0	0	0	0	5e-06	0	100	0	0	0	3
86	51	0	1.2084191	0	0	0	0	0	5e-06	0	100	0	0	0	3
87	51	0	1.22247048	0	0	0	0	0	5e-06	0	100	0	0	0	3
88	52	0	1.23652187	0	0	0	0	0	5e-06	0	100	0	0	0	3
89	52	0	1.25057325	0	0	0	0	0	5e-06	0	100	0	0	0	3
90	53	0	1.26462463	0	0	0	0	0	5e-06	0	100	0	0	0	3
91	53	0	1.27867602	0	0	0	0	0	5e-06	0	100	0	0	0	3
92	54	0	1.2927274	0	0	0	0	0	5e-06	0	100	0	0	0	3
93	55	0	1.30677879	0	0	0	0	0	5e-06	0	100	0	0	0	3
94	55	0	1.32083017	0	0	0	0	0	5e-06	0	100	0	0	0	3
95	56	0	1.33488156	0	0	0	0	0	5e-06	0	100	0	0	0	3
96	56	0	1.34893294	0	0	0	0	0	5e-06	0	100	0	0	0	3
97	57	0	1.36298433	0	0	0	0	0	5e-06	0	100	0	0	0	3
98	57	0	1.37703571	0	0	0	0	0	5e-06	0	100	0	0	0	3
99	58	0	1.3910871	0	0	0	0	0	5e-06	0	100	0	0	0	3
100	58	0	1.40513848	0	0	0	0	0	5e-06	0	100	0	0	0	3
101	59	0	1.41918987	0	0	0	0	0	5e-06	0	100	0	0	0	3
102	60	0	1.43324125	0	0	0	0	0	5e-06	0	100	0	0	0	3
103	61	0	1.44729264	0	0	0	0	0	5e-06	0	100	0	0	0	3
104	61	0	1.46134402	0	0	0	0	0	5e-06	0	100	0	0	0	3
105	62	0	1.47539541	0	0	0	0	0	5e-06	0	100	0	0	0	3
106	62	0	1.48944679	0	0	0	0	0	5e-06	0	100	0	0	0	3
