Iteration	CPUTime	PhysTime	Travels	Value	AvValue	MinValue	MaxValue	Delta	Criteria	Progress	dGMaxMin	CriteriaType	CriteriaVarType	CriteriaPercentage
1	1	0	0.0224360787	-3.54783781e-05	-3.54783781e-05	-3.54783781e-05	-3.54783781e-05	0	0	0	0	0	0	0	3
2	1	0	0.0448721575	-6.48506957e-06	-2.09817239e-05	-3.54783781e-05	-6.48506957e-06	1.44966543e-05	0	0	0	0	0	0	3
3	1	0	0.0673082362	-1.06379289e-05	-1.75337922e-05	-3.54783781e-05	-6.48506957e-06	1.79445859e-05	0	0	0	0	0	0	3
4	1	0	0.089744315	-7.22412003e-06	-1.49563742e-05	-3.54783781e-05	-6.48506957e-06	2.0522004e-05	0	0	0	0	0	0	3
5	1	0	0.112180394	-1.93556322e-06	-1.2352212e-05	-3.54783781e-05	-1.93556322e-06	2.31261662e-05	0	0	0	0	0	0	3
6	1	0	0.134616472	4.66393917e-08	-1.02857367e-05	-3.54783781e-05	4.66393917e-08	2.51926414e-05	0	0	0	0	0	0	3
7	2	0	0.157052551	-2.75732745e-07	-8.85573618e-06	-3.54783781e-05	4.66393917e-08	2.6622642e-05	0	0	0	0	0	0	3
8	2	0	0.17948863	1.16693367e-05	-6.29010207e-06	-3.54783781e-05	1.16693367e-05	2.91882761e-05	0	0	0	0	0	0	3
9	2	0	0.201924709	-9.34181548e-06	-6.62918134e-06	-3.54783781e-05	1.16693367e-05	2.91882761e-05	0	0	0	0	0	0	3
10	2	0	0.224360787	-1.06908921e-05	-7.03535241e-06	-3.54783781e-05	1.16693367e-05	2.91882761e-05	0	0	0	0	0	0	3
11	2	0	0.246796866	-1.27000747e-05	-7.55032716e-06	-3.54783781e-05	1.16693367e-05	2.91882761e-05	0	0	0	0	0	0	3
12	2	0	0.269232945	-1.83209845e-05	-8.44788194e-06	-3.54783781e-05	1.16693367e-05	2.91882761e-05	0	0	0	0	0	0	3
13	2	0	0.291669024	-2.27378717e-05	-9.54711192e-06	-3.54783781e-05	1.16693367e-05	2.91882761e-05	0	0	0	0	0	0	3
14	3	0	0.314105102	-2.53276297e-05	-1.06742918e-05	-3.54783781e-05	1.16693367e-05	2.91882761e-05	0	0	0	0	0	0	3
15	3	0	0.336541181	-2.57788576e-05	-1.16812628e-05	-3.54783781e-05	1.16693367e-05	2.91882761e-05	0	0	0	0	0	0	3
16	3	0	0.35897726	-2.51463001e-05	-1.25228277e-05	-3.54783781e-05	1.16693367e-05	2.91882761e-05	0	0	0	0	0	0	3
17	3	0	0.381413339	-3.67630978e-05	-1.39487259e-05	-3.67630978e-05	1.16693367e-05	2.91882761e-05	0	0	0	0	0	0	3
18	3	0	0.403849417	-4.10772018e-05	-1.54558635e-05	-4.10772018e-05	1.16693367e-05	2.91882761e-05	0	0	0	0	0	0	3
19	3	0	0.426285496	-4.16861596e-05	-1.68364054e-05	-4.16861596e-05	1.16693367e-05	2.91882761e-05	0	0	0	0	0	0	3
20	3	0	0.448721575	-4.05677279e-05	-1.80229715e-05	-4.16861596e-05	1.16693367e-05	2.91882761e-05	0	0	0	0	0	0	3
21	4	0	0.471157654	-3.75971858e-05	-1.89550769e-05	-4.16861596e-05	1.16693367e-05	2.91882761e-05	0	0	0	0	0	0	3
22	4	0	0.493593732	-4.28210118e-05	-2.00398921e-05	-4.28210118e-05	1.16693367e-05	2.91882761e-05	0	0	0	0	0	0	3
23	4	0	0.516029811	-3.42404662e-05	-2.06573084e-05	-4.28210118e-05	1.16693367e-05	2.91882761e-05	0	0	0	0	0	0	3
24	4	0	0.53846589	-3.23938604e-05	-2.05231989e-05	-4.28210118e-05	1.16693367e-05	1.46916218e-05	0	0	0	0	0	0	3
25	4	0	0.560901969	-2.71598222e-05	-2.14221012e-05	-4.28210118e-05	1.16693367e-05	1.51319992e-05	0	0	0	0	0	0	3
26	4	0	0.583338047	-4.70345653e-05	-2.30045637e-05	-4.70345653e-05	1.16693367e-05	1.67144616e-05	0	0	0	0	0	0	3
27	4	0	0.605774126	-4.40885079e-05	-2.46073632e-05	-4.70345653e-05	1.16693367e-05	1.83172611e-05	0	0	0	0	0	0	3
28	4	0	0.628210205	-2.86250209e-05	-2.57677744e-05	-4.70345653e-05	1.16693367e-05	1.94776723e-05	0	0	0	0	0	0	3
29	5	0	0.650646283	1.88102122e-05	-2.49519668e-05	-4.70345653e-05	1.88102122e-05	1.94776723e-05	0	0	0	0	0	0	3
30	5	0	0.673082362	-7.09944176e-06	-2.52486498e-05	-4.70345653e-05	1.88102122e-05	1.94776723e-05	0	0	0	0	0	0	3
31	5	0	0.695518441	3.02150829e-05	-2.44423131e-05	-4.70345653e-05	3.02150829e-05	1.9138593e-05	0	0	0	0	0	0	3
32	5	0	0.71795452	-3.44038158e-05	-2.55319652e-05	-4.70345653e-05	3.02150829e-05	1.87324219e-05	0	0	0	0	0	0	3
33	5	0	0.740390598	-3.87229511e-05	-2.67507504e-05	-4.70345653e-05	3.02150829e-05	1.92004233e-05	0	0	0	0	0	0	3
34	5	0	0.762826677	-1.9635884e-05	-2.70523073e-05	-4.70345653e-05	3.02150829e-05	1.86044254e-05	0	0	0	0	0	0	3
35	5	0	0.785262756	-1.68366537e-05	-2.69877712e-05	-4.70345653e-05	3.02150829e-05	1.75051954e-05	0	0	0	0	0	0	3
36	5	0	0.807698835	-3.09739909e-05	-2.73458634e-05	-4.70345653e-05	3.02150829e-05	1.66715716e-05	0	0	0	0	0	0	3
37	5	0	0.830134913	4.83188882e-05	-2.41438408e-05	-4.70345653e-05	4.83188882e-05	1.56646005e-05	0	0	0	0	0	0	3
38	6	0	0.852570992	6.91806428e-05	-2.00151669e-05	-4.70345653e-05	6.91806428e-05	1.48230357e-05	0	0	0	0	0	0	3
39	6	0	0.875007071	5.21571007e-05	-1.66541495e-05	-4.70345653e-05	6.91806428e-05	1.33971375e-05	0	0	0	0	0	0	3
40	6	0	0.89744315	5.49586499e-05	-1.26662474e-05	-4.70345653e-05	6.91806428e-05	1.4679616e-05	0	0	0	0	0	0	3
41	6	0	0.919879228	-2.6407253e-05	-1.20284235e-05	-4.70345653e-05	6.91806428e-05	1.53174398e-05	0	0	0	0	0	0	3
42	6	0	0.942315307	-4.63137472e-05	-1.2229623e-05	-4.70345653e-05	6.91806428e-05	1.53174398e-05	0	0	0	0	0	0	3
43	6	0	0.964751386	2.6002285e-05	-9.33527461e-06	-4.70345653e-05	6.91806428e-05	1.80105887e-05	0	0	0	0	0	0	3
44	6	0	0.987187465	-1.00857485e-05	-8.13912517e-06	-4.70345653e-05	6.91806428e-05	1.92067382e-05	0	0	0	0	0	0	3
45	6	0	1.00962354	2.85028563e-05	-5.03808742e-06	-4.70345653e-05	6.91806428e-05	2.23077759e-05	0.0472479585	0	0	0	0	0	3
