Iteration	CPUTime	PhysTime	Travels	Value	AvValue	MinValue	MaxValue	Delta	Criteria	Progress	dGMaxMin	CriteriaType	CriteriaVarType	CriteriaPercentage
1	1	0	0.025	1.78886453e-24	1.78886453e-24	1.78886453e-24	1.78886453e-24	0	0	0	0	0	0	0	3
2	1	0	0.05	1.0136899e-23	5.96288178e-24	1.78886453e-24	1.0136899e-23	4.17401725e-24	0	0	0	0	0	0	3
3	2	0	0.075	0	3.97525452e-24	0	1.0136899e-23	4.17401725e-24	0	0	0	0	0	0	3
4	2	0	0.1	1.19257636e-24	3.27958498e-24	0	1.0136899e-23	4.17401725e-24	0	0	0	0	0	0	3
5	2	0	0.125	-4.17401725e-24	1.78886453e-24	-4.17401725e-24	1.0136899e-23	4.17401725e-24	0	0	0	0	0	0	3
6	2	0	0.15	-1.43109163e-23	-8.94432267e-25	-1.43109163e-23	1.0136899e-23	6.85731405e-24	0	0	0	0	0	0	3
7	2	0	0.175	-5.96288178e-24	-1.61849648e-24	-1.43109163e-23	1.0136899e-23	7.58137826e-24	0	0	0	0	0	0	3
8	3	0	0.2	4.39127484e-20	5.48767737e-21	-1.43109163e-23	4.39127484e-20	5.48929587e-21	0	0	0	0	0	0	3
9	3	0	0.225	7.75174632e-24	4.87879675e-21	-1.43109163e-23	4.39127484e-20	5.48929587e-21	0	0	0	0	0	0	3
10	3	0	0.25	2.38515271e-23	4.39330222e-21	-1.43109163e-23	4.39127484e-20	5.48929587e-21	0	0	0	0	0	0	3
11	3	0	0.275	6.53531843e-22	4.0533231e-21	-1.43109163e-23	4.39127484e-20	5.48929587e-21	0	0	0	0	0	0	3
12	4	0	0.3	6.14683668e-21	4.22778256e-21	-1.43109163e-23	4.39127484e-20	5.48929587e-21	0	0	0	0	0	0	3
13	4	0	0.325	-6.62476166e-22	3.85160882e-21	-6.62476166e-22	4.39127484e-20	5.48929587e-21	0	0	0	0	0	0	3
14	4	0	0.35	-4.72439124e-21	3.23903738e-21	-4.72439124e-21	4.39127484e-20	5.48929587e-21	0	0	0	0	0	0	3
15	4	0	0.375	-1.28684952e-20	2.16520188e-21	-1.28684952e-20	4.39127484e-20	5.48929587e-21	0	0	0	0	0	0	3
16	4	0	0.4	-5.55048888e-20	-1.43917879e-21	-5.55048888e-20	4.39127484e-20	6.92685616e-21	0	0	0	0	0	0	3
17	5	0	0.425	-8.55060104e-20	-6.38428653e-21	-8.55060104e-20	4.39127484e-20	1.18719639e-20	0	0	0	0	0	0	3
18	5	0	0.45	-1.24643832e-19	-1.29542613e-20	-1.24643832e-19	4.39127484e-20	1.84419387e-20	0	0	0	0	0	0	3
19	5	0	0.475	-1.62027598e-19	-2.08002264e-20	-1.62027598e-19	4.39127484e-20	2.62879037e-20	0	0	0	0	0	0	3
20	5	0	0.5	-2.04040274e-19	-2.99622287e-20	-2.04040274e-19	4.39127484e-20	3.54499061e-20	0	0	0	0	0	0	3
21	6	0	0.525	-2.63422228e-19	-4.31334296e-20	-2.63422228e-19	4.39127484e-20	4.8621107e-20	0	0	0	0	0	0	3
22	6	0	0.55	-3.42319502e-19	-6.02499116e-20	-3.42319502e-19	4.39127484e-20	6.5737589e-20	0	0	0	0	0	0	3
23	6	0	0.575	-3.9937325e-19	-8.02185741e-20	-3.9937325e-19	4.39127484e-20	8.57062514e-20	0	0	0	0	0	0	3
24	6	0	0.6	-4.56665512e-19	-1.03051909e-19	-4.56665512e-19	4.39127484e-20	1.08539587e-19	0	0	0	0	0	0	3
25	7	0	0.625	-4.94461239e-19	-1.27774763e-19	-4.94461239e-19	4.39127484e-20	1.3326244e-19	0	0	0	0	0	0	3
26	7	0	0.65	-5.39309265e-19	-1.5473951e-19	-5.39309265e-19	4.39127484e-20	1.60227188e-19	0	0	0	0	0	0	3
27	7	0	0.675	-6.19921464e-19	-1.85735285e-19	-6.19921464e-19	4.39127484e-20	1.91222963e-19	0	0	0	0	0	0	3
28	7	0	0.7	-6.93796202e-19	-2.22620733e-19	-6.93796202e-19	6.14683668e-21	2.2749953e-19	0	0	0	0	0	0	3
29	8	0	0.725	-7.44995891e-19	-2.59870915e-19	-7.44995891e-19	6.14683668e-21	2.64264217e-19	0	0	0	0	0	0	3
30	8	0	0.75	-7.9318969e-19	-2.99531592e-19	-7.9318969e-19	6.14683668e-21	3.03759375e-19	0	0	0	0	0	0	3
31	8	0	0.775	-8.34555468e-19	-3.41292042e-19	-8.34555468e-19	6.14683668e-21	3.45519825e-19	0	0	0	0	0	0	3
32	8	0	0.8	-9.13837646e-19	-3.87291266e-19	-9.13837646e-19	-6.62476166e-22	3.91142875e-19	0	0	0	0	0	0	3
33	9	0	0.825	-9.60361615e-19	-4.35276223e-19	-9.60361615e-19	-4.72439124e-21	4.3851526e-19	0	0	0	0	0	0	3
34	9	0	0.85	-1.0073764e-18	-4.85408824e-19	-1.0073764e-18	-1.28684952e-20	4.87574026e-19	0	0	0	0	0	0	3
35	9	0	0.875	-1.0319238e-18	-5.36361589e-19	-1.0319238e-18	-5.55048888e-20	5.3492241e-19	0	0	0	0	0	0	3
36	9	0	0.9	-1.08037005e-18	-5.87604847e-19	-1.08037005e-18	-8.55060104e-20	5.81220561e-19	0	0	0	0	0	0	3
37	9	0	0.925	-1.14088652e-18	-6.40373873e-19	-1.14088652e-18	-1.24643832e-19	6.27419611e-19	0	0	0	0	0	0	3
38	10	0	0.95	-1.18871505e-18	-6.93577434e-19	-1.18871505e-18	-1.62027598e-19	6.72777207e-19	0	0	0	0	0	0	3
39	10	0	0.975	-9.00390379e-19	-7.30495573e-19	-1.18871505e-18	-2.04040274e-19	7.00533344e-19	0	0	0	0	0	0	3
40	10	0	1	-9.19100709e-19	-7.66248594e-19	-1.18871505e-18	-2.63422228e-19	7.23115165e-19	3.69788341e-20	0	100	0	0	0	3
41	10	0	1.025	-9.68521073e-19	-8.01503537e-19	-1.18871505e-18	-3.42319502e-19	7.41253625e-19	3.69788341e-20	0	100	0	0	0	3
42	10	0	1.05	-1.06812505e-18	-8.37793814e-19	-1.18871505e-18	-3.9937325e-19	7.5757524e-19	3.69788341e-20	0	100	0	0	0	3
43	11	0	1.075	-1.13960331e-18	-8.74805317e-19	-1.18871505e-18	-4.56665512e-19	7.32049543e-19	3.69788341e-20	0	100	0	0	0	3
44	11	0	1.1	-1.20869462e-18	-8.90704808e-19	-1.20869462e-18	-4.56665512e-19	7.5202911e-19	3.71286809e-20	0	100	0	0	0	3
45	11	0	1.125	-1.25385749e-18	-9.2866633e-19	-1.25385749e-18	-4.94461239e-19	7.5939625e-19	3.74895661e-20	0	100	0	0	0	3
46	11	0	1.15	-1.30353128e-18	-9.67193475e-19	-1.30353128e-18	-5.39309265e-19	7.6422201e-19	3.79785252e-20	0	100	0	0	0	3
47	12	0	1.175	-1.3314161e-18	-1.00491285e-18	-1.3314161e-18	-6.19921464e-19	7.11494632e-19	3.84472881e-20	0	100	0	0	0	3
48	12	0	1.2	-1.38185373e-18	-1.04119534e-18	-1.38185373e-18	-6.93796202e-19	6.88057525e-19	3.89880014e-20	0	100	0	0	0	3
49	12	0	1.225	-1.38245836e-18	-1.07398877e-18	-1.38245836e-18	-7.44995891e-19	6.37462473e-19	3.92846852e-20	0	100	0	0	0	3
50	12	0	1.25	-1.42096427e-18	-1.10617774e-18	-1.42096427e-18	-7.9318969e-19	6.27774579e-19	3.963755e-20	0	100	0	0	0	3
51	13	0	1.275	-1.41792797e-18	-1.13592719e-18	-1.42096427e-18	-8.34555468e-19	5.86408801e-19	3.99262576e-20	0	100	0	0	0	3
52	13	0	1.3	-1.45068752e-18	-1.16526681e-18	-1.45068752e-18	-9.00390379e-19	5.50297142e-19	4.02411553e-20	0	100	0	0	0	3
53	13	0	1.325	-1.44241708e-18	-1.19043726e-18	-1.45068752e-18	-9.00390379e-19	5.50297142e-19	4.04918935e-20	0	100	0	0	0	3
54	13	0	1.35	-1.47029042e-18	-1.21471958e-18	-1.47029042e-18	-9.00390379e-19	5.69900041e-19	4.0740114e-20	0	100	0	0	0	3
55	13	0	1.375	-1.45830503e-18	-1.23619237e-18	-1.47029042e-18	-9.00390379e-19	5.69900041e-19	4.09389503e-20	0	100	0	0	0	3
56	14	0	1.4	-1.48302714e-18	-1.25767348e-18	-1.48302714e-18	-9.00390379e-19	5.82636757e-19	4.10568701e-20	0	100	0	0	0	3
57	14	0	1.425	-1.46891598e-18	-1.27617567e-18	-1.48302714e-18	-9.00390379e-19	5.82636757e-19	4.11079738e-20	0	100	0	0	0	3
58	14	0	1.45	-1.49147535e-18	-1.29287038e-18	-1.49147535e-18	-9.00390379e-19	5.91084968e-19	4.110225e-20	0	100	0	0	0	3
59	15	0	1.475	-1.480221e-18	-1.30675161e-18	-1.49147535e-18	-9.00390379e-19	5.76256039e-19	4.10381017e-20	0	100	0	0	0	3
60	15	0	1.5	-1.49290763e-18	-1.33496672e-18	-1.49290763e-18	-9.19100709e-19	5.68718124e-19	4.09194977e-20	0	100	0	0	0	3
61	15	0	1.525	-1.48454051e-18	-1.36189242e-18	-1.49290763e-18	-9.68521073e-19	5.24386557e-19	4.07273579e-20	0	100	0	0	0	3
62	15	0	1.55	-1.49517114e-18	-1.386971e-18	-1.49517114e-18	-1.06812505e-18	4.2704609e-19	4.04481848e-20	0	100	0	0	0	3
63	16	0	1.575	-1.48818562e-18	-1.40697388e-18	-1.49517114e-18	-1.13960331e-18	3.55567833e-19	4.01188696e-20	0	100	0	0	0	3
64	16	0	1.6	-1.49662608e-18	-1.42397497e-18	-1.49662608e-18	-1.20869462e-18	2.87931461e-19	3.97472008e-20	0	100	0	0	0	3
65	16	0	1.625	-1.48875925e-18	-1.43731138e-18	-1.49662608e-18	-1.25385749e-18	2.42768595e-19	3.93599106e-20	0	100	0	0	0	3
66	16	0	1.65	-1.4972176e-18	-1.44889996e-18	-1.4972176e-18	-1.30353128e-18	1.93686326e-19	3.89513467e-20	0	100	0	0	0	3
67	16	0	1.675	-1.48896974e-18	-1.45773036e-18	-1.4972176e-18	-1.3314161e-18	1.65801506e-19	3.84834777e-20	0	100	0	0	0	3
68	17	0	1.7	-1.49720776e-18	-1.4656252e-18	-1.4972176e-18	-1.38185373e-18	1.15363874e-19	3.79698764e-20	0	100	0	0	0	3
69	17	0	1.725	-1.48871453e-18	-1.47071381e-18	-1.4972176e-18	-1.38245836e-18	1.14759238e-19	3.74387307e-20	0	100	0	0	0	3
70	17	0	1.75	-1.49715082e-18	-1.47617535e-18	-1.4972176e-18	-1.41792797e-18	7.92896316e-20	3.69788341e-20	0	100	0	0	0	3
71	17	0	1.775	-1.48813941e-18	-1.47937417e-18	-1.4972176e-18	-1.41792797e-18	7.92896316e-20	3.69788341e-20	0	100	0	0	0	3
72	17	0	1.8	-1.49672924e-18	-1.48312661e-18	-1.4972176e-18	-1.44241708e-18	5.48005234e-20	3.69788341e-20	0	100	0	0	0	3
73	18	0	1.825	-1.48773908e-18	-1.48489097e-18	-1.4972176e-18	-1.44241708e-18	5.48005234e-20	3.69788341e-20	0	100	0	0	0	3
74	18	0	1.85	-1.49614011e-18	-1.48744921e-18	-1.4972176e-18	-1.45830503e-18	3.89125739e-20	3.69788341e-20	0	100	0	0	0	3
75	18	0	1.875	-1.48722858e-18	-1.48825579e-18	-1.4972176e-18	-1.45830503e-18	3.89125739e-20	3.69788341e-20	0	100	0	0	0	3
76	18	0	1.9	-1.49549791e-18	-1.49002688e-18	-1.4972176e-18	-1.46891598e-18	2.83016258e-20	3.69788341e-20	0	100	0	0	0	3
