Iteration	CPUTime	PhysTime	Travels	Value	AvValue	MinValue	MaxValue	Delta	Criteria	Progress	dGMaxMin	CriteriaType	CriteriaVarType	CriteriaPercentage
1	1	0	0.025	293.200001	293.200001	293.200001	293.200001	0	0	0	0	3.72526e-06	0	0	3
2	1	0	0.05	293.200001	293.200001	293.200001	293.200001	2.50589721e-07	0	0	0	3.06153e-06	0	0	3
3	2	0	0.075	293.200002	293.200001	293.200001	293.200002	4.73640057e-07	0	0	0	2.7726e-06	0	0	3
4	2	0	0.1	293.200002	293.200001	293.200001	293.200002	6.72634371e-07	0	0	0	2.5086e-06	0	0	3
5	2	0	0.125	293.200002	293.200001	293.200001	293.200002	8.5079887e-07	0	0	0	2.26109e-06	0	0	3
6	2	0	0.15	293.200002	293.200002	293.200001	293.200002	1.01182383e-06	0	0	0	1.97753e-06	0	0	3
7	2	0	0.175	293.200003	293.200002	293.200001	293.200003	1.15759224e-06	0	0	0	1.67017e-06	0	0	3
8	3	0	0.2	293.200003	293.200002	293.200001	293.200003	1.28944578e-06	0	0	0	1.37971e-06	0	0	3
9	3	0	0.225	293.200003	293.200002	293.200001	293.200003	1.40844924e-06	0	0	0	1.15922e-06	0	0	3
10	3	0	0.25	293.200003	293.200002	293.200001	293.200003	1.51420653e-06	0	0	0	9.80804e-07	0	0	3
11	3	0	0.275	293.200003	293.200002	293.200001	293.200003	1.59860832e-06	0	0	0	1.11503e-06	0	0	3
12	4	0	0.3	293.200003	293.200002	293.200001	293.200003	1.65962905e-06	0	0	0	1.42445e-06	0	0	3
13	4	0	0.325	293.200003	293.200002	293.200001	293.200003	1.70176219e-06	0	0	0	1.64288e-06	0	0	3
14	4	0	0.35	293.200003	293.200002	293.200001	293.200003	1.72945067e-06	0	0	0	1.79716e-06	0	0	3
15	4	0	0.375	293.200003	293.200002	293.200001	293.200003	1.74601155e-06	0	0	0	1.91389e-06	0	0	3
16	4	0	0.4	293.200002	293.200002	293.200001	293.200003	1.74967113e-06	0	0	0	2.10498e-06	0	0	3
17	5	0	0.425	293.200002	293.200002	293.200001	293.200003	1.74967113e-06	0	0	0	2.18575e-06	0	0	3
18	5	0	0.45	293.200002	293.200002	293.200001	293.200003	1.74967113e-06	0	0	0	2.29089e-06	0	0	3
19	5	0	0.475	293.200002	293.200002	293.200001	293.200003	1.74967113e-06	0	0	0	2.38515e-06	0	0	3
20	5	0	0.5	293.200002	293.200002	293.200001	293.200003	1.74967113e-06	0	0	0	2.50435e-06	0	0	3
21	6	0	0.525	293.200002	293.200002	293.200001	293.200003	1.49908141e-06	0	0	0	2.61063e-06	0	0	3
22	6	0	0.55	293.200002	293.200002	293.200002	293.200003	1.28977445e-06	0	0	0	2.69773e-06	0	0	3
23	6	0	0.575	293.200001	293.200002	293.200001	293.200003	1.09078013e-06	0	0	0	2.78787e-06	0	0	3
24	6	0	0.6	293.200001	293.200002	293.200001	293.200003	9.12615633e-07	0	0	0	2.86826e-06	0	0	3
25	7	0	0.625	293.200001	293.200002	293.200001	293.200003	7.51590676e-07	0	0	0	2.94025e-06	0	0	3
26	7	0	0.65	293.200001	293.200002	293.200001	293.200003	6.05822265e-07	0	0	0	3.03644e-06	0	0	3
27	7	0	0.675	293.200001	293.200002	293.200001	293.200003	4.73968726e-07	0	0	0	3.11906e-06	0	0	3
28	7	0	0.7	293.200001	293.200002	293.200001	293.200003	3.54965266e-07	0	0	0	3.19027e-06	0	0	3
29	8	0	0.725	293.200001	293.200002	293.200001	293.200003	4.56753696e-07	0	0	0	3.25184e-06	0	0	3
30	8	0	0.75	293.200001	293.200002	293.200001	293.200003	5.78889114e-07	0	0	0	3.30525e-06	0	0	3
31	8	0	0.775	293.200001	293.200002	293.200001	293.200003	7.04775914e-07	0	0	0	3.37221e-06	0	0	3
32	8	0	0.8	293.2	293.200002	293.2	293.200003	8.29125099e-07	0	0	0	3.42749e-06	0	0	3
33	9	0	0.825	293.2	293.200001	293.2	293.200003	9.47242597e-07	0	0	0	3.42824e-06	0	0	3
34	9	0	0.85	293.2	293.200001	293.2	293.200003	1.05942121e-06	0	0	0	3.42846e-06	0	0	3
35	9	0	0.875	293.2	293.200001	293.2	293.200002	1.16599495e-06	0	0	0	3.42862e-06	0	0	3
36	9	0	0.9	293.2	293.200001	293.2	293.200002	1.26388642e-06	0	0	0	3.42877e-06	0	0	3
37	9	0	0.925	293.2	293.200001	293.2	293.200002	1.35389524e-06	0	0	0	3.42904e-06	0	0	3
38	10	0	0.95	293.2	293.200001	293.2	293.200002	1.43659076e-06	0	0	0	3.42938e-06	0	0	3
39	10	0	0.975	293.2	293.200001	293.2	293.200002	1.48427932e-06	0	0	0	3.48513e-06	0	0	3
40	10	0	1	293.2	293.200001	293.2	293.200002	1.31403613e-06	2.932e-06	0	0	3.48722e-06	0	0	3
41	10	0	1.025	293.2	293.200001	293.2	293.200002	1.16289061e-06	2.932e-06	0	0	3.48867e-06	0	0	3
42	10	0	1.05	293.2	293.200001	293.2	293.200001	1.02832024e-06	2.932e-06	0	0	3.48979e-06	0	0	3
43	11	0	1.075	293.2	293.200001	293.2	293.200001	9.08191623e-07	2.932e-06	0	0	3.49074e-06	0	0	3
44	11	0	1.1	293.2	293.200001	293.2	293.200001	9.08686047e-07	2.932e-06	0	0	3.49157e-06	0	0	3
45	11	0	1.125	293.2	293.200001	293.2	293.200001	8.01194517e-07	2.932e-06	0	0	3.49233e-06	0	0	3
46	11	0	1.15	293.2	293.200001	293.2	293.200001	6.59444993e-07	2.932e-06	0	0	3.49303e-06	0	0	3
47	12	0	1.175	293.2	293.2	293.2	293.200001	5.37745848e-07	2.932e-06	0	0	3.4937e-06	0	0	3
48	12	0	1.2	293.2	293.2	293.2	293.200001	4.32939487e-07	2.932e-06	0	0	3.49433e-06	0	0	3
49	12	0	1.225	293.2	293.2	293.2	293.200001	3.4241782e-07	2.932e-06	0	0	3.49492e-06	0	0	3
50	12	0	1.25	293.2	293.2	293.2	293.200001	2.64015853e-07	2.932e-06	0	0	3.49549e-06	0	0	3
51	13	0	1.275	293.2	293.2	293.2	293.200001	1.6606441e-07	2.932e-06	0	0	3.49603e-06	0	0	3
52	13	0	1.3	293.2	293.2	293.2	293.2	9.07957656e-08	2.932e-06	0	0	3.49655e-06	0	0	3
53	13	0	1.325	293.2	293.2	293.2	293.2	9.12626206e-08	2.932e-06	0	0	3.49705e-06	0	0	3
54	13	0	1.35	293.2	293.2	293.2	293.2	9.17269176e-08	2.932e-06	0	0	3.49754e-06	0	0	3
55	13	0	1.375	293.2	293.2	293.2	293.2	9.21891683e-08	2.932e-06	0	0	3.49801e-06	0	0	3
56	14	0	1.4	293.2	293.2	293.2	293.2	9.26489179e-08	2.932e-06	0	0	3.49847e-06	0	0	3
57	14	0	1.425	293.2	293.2	293.2	293.2	9.31067348e-08	2.932e-06	0	0	3.49891e-06	0	0	3
58	14	0	1.45	293.2	293.2	293.2	293.2	9.3562619e-08	2.932e-06	0	0	3.49935e-06	0	0	3
59	15	0	1.475	293.2	293.2	293.2	293.2	9.57584234e-09	2.932e-06	0	0	3.49977e-06	0	0	3
60	15	0	1.5	293.2	293.2	293.2	293.2	9.51445145e-09	2.932e-06	0	0	3.5002e-06	0	0	3
61	15	0	1.525	293.2	293.2	293.2	293.2	9.45294687e-09	2.932e-06	0	0	3.50061e-06	0	0	3
62	15	0	1.55	293.2	293.2	293.2	293.2	9.39701295e-09	2.932e-06	0	0	3.50101e-06	0	0	3
63	16	0	1.575	293.2	293.2	293.2	293.2	9.34426225e-09	2.932e-06	0	0	3.50141e-06	0	0	3
64	16	0	1.6	293.2	293.2	293.2	293.2	9.29441057e-09	2.932e-06	0	0	3.5018e-06	0	0	3
65	16	0	1.625	293.2	293.2	293.2	293.2	9.24609367e-09	2.932e-06	0	0	3.50219e-06	0	0	3
66	16	0	1.65	293.2	293.2	293.2	293.2	9.2004484e-09	2.932e-06	0	0	3.50257e-06	0	0	3
67	16	0	1.675	293.2	293.2	293.2	293.2	9.15599685e-09	2.932e-06	0	0	3.50295e-06	0	0	3
68	17	0	1.7	293.2	293.2	293.2	293.2	9.11353482e-09	2.932e-06	0	0	3.50332e-06	0	0	3
69	17	0	1.725	293.2	293.2	293.2	293.2	9.07209596e-09	2.932e-06	0	0	3.50368e-06	0	0	3
70	17	0	1.75	293.2	293.2	293.2	293.2	9.03162345e-09	2.932e-06	0	0	3.50404e-06	0	0	3
71	17	0	1.775	293.2	293.2	293.2	293.2	8.99217412e-09	2.932e-06	0	0	3.5044e-06	0	0	3
72	17	0	1.8	293.2	293.2	293.2	293.2	8.95420271e-09	2.932e-06	0	0	3.50475e-06	0	0	3
73	18	0	1.825	293.2	293.2	293.2	293.2	8.91685659e-09	2.932e-06	0	0	3.5051e-06	0	0	3
74	18	0	1.85	293.2	293.2	293.2	293.2	8.88070417e-09	2.932e-06	0	0	3.50544e-06	0	0	3
75	18	0	1.875	293.2	293.2	293.2	293.2	8.84489282e-09	2.932e-06	0	0	3.50578e-06	0	0	3
76	18	0	1.9	293.2	293.2	293.2	293.2	8.80982043e-09	2.932e-06	0	0	3.50612e-06	0	0	3
