Iteration	CPUTime	PhysTime	Travels	Value	AvValue	MinValue	MaxValue	Delta	Criteria	Progress	dGMaxMin	CriteriaType	CriteriaVarType	CriteriaPercentage
1	4	0	0.0110075593	101357.865	101357.865	101357.865	101357.865	0	0	0	0	17420.3	0	0	3
2	6	0	0.0220151186	101317.319	101337.592	101317.319	101357.865	20.2726406	0	0	0	31953.8	0	0	3
3	7	0	0.033022678	101305.229	101326.804	101305.229	101357.865	31.0604235	0	0	0	44486.9	0	0	3
4	8	0	0.0440302373	101312.132	101323.136	101305.229	101357.865	34.7285626	0	0	0	42289.3	0	0	3
5	9	0	0.0550377966	101318.983	101322.305	101305.229	101357.865	35.5592684	0	0	0	46822.5	0	0	3
6	10	0	0.0660453559	101320.172	101321.95	101305.229	101357.865	35.9148764	0	0	0	50086.9	0	0	3
7	12	0	0.0770529153	101321.854	101321.936	101305.229	101357.865	35.9285345	0	0	0	51337	0	0	3
8	13	0	0.0880604746	101322.99	101322.068	101305.229	101357.865	35.9285345	0	0	0	50013.5	0	0	3
9	14	0	0.0990680339	101323.086	101322.181	101305.229	101357.865	35.9285345	0	0	0	44784	0	0	3
10	15	0	0.110075593	101323.199	101322.283	101305.229	101357.865	35.9285345	0	0	0	39953.3	0	0	3
11	16	0	0.121083153	101323.354	101322.38	101305.229	101357.865	35.9285345	0	0	0	34666.7	0	0	3
12	17	0	0.132090712	101323.554	101322.478	101305.229	101357.865	35.9285345	0	0	0	29721	0	0	3
13	18	0	0.143098271	101323.852	101322.584	101305.229	101357.865	35.9285345	0	0	0	25702.1	0	0	3
14	20	0	0.154105831	101324.053	101322.689	101305.229	101357.865	35.9285345	0	0	0	21670.4	0	0	3
15	21	0	0.16511339	101324.246	101322.792	101305.229	101357.865	35.9285345	0	0	0	18783.6	0	0	3
16	22	0	0.176120949	101324.374	101322.891	101305.229	101357.865	35.9285345	0	0	0	15791.6	0	0	3
17	23	0	0.187128509	101324.453	101322.983	101305.229	101357.865	35.9285345	0	0	0	14209	0	0	3
18	24	0	0.198136068	101324.536	101323.069	101305.229	101357.865	35.9285345	0	0	0	12328.5	0	0	3
19	25	0	0.209143627	101324.57	101323.148	101305.229	101357.865	35.9285345	0	0	0	10987.7	0	0	3
20	26	0	0.220151186	101324.609	101323.221	101305.229	101357.865	35.9285345	0	0	0	9765.89	0	0	3
21	27	0	0.231158746	101324.638	101323.289	101305.229	101357.865	35.9285345	0	0	0	8551.91	0	0	3
22	28	0	0.242166305	101324.64	101323.35	101305.229	101357.865	35.9285345	0	0	0	7943.4	0	0	3
23	30	0	0.253173864	101324.652	101323.407	101305.229	101357.865	35.9285345	0	0	0	7784.56	0	0	3
24	31	0	0.264181424	101324.654	101323.459	101305.229	101357.865	35.9285345	0	0	0	7726.31	0	0	3
25	32	0	0.275188983	101324.66	101323.507	101305.229	101357.865	35.9285345	0	0	0	7688.52	0	0	3
26	33	0	0.286196542	101324.672	101323.552	101305.229	101357.865	35.9285345	0	0	0	7646.69	0	0	3
27	34	0	0.297204102	101324.683	101323.594	101305.229	101357.865	35.9285345	0	0	0	7610.88	0	0	3
28	35	0	0.308211661	101324.692	101323.633	101305.229	101357.865	35.9285345	0	0	0	7576.26	0	0	3
29	36	0	0.31921922	101324.705	101323.67	101305.229	101357.865	35.9285345	0	0	0	7545.82	0	0	3
30	37	0	0.33022678	101324.71	101323.704	101305.229	101357.865	35.9285345	0	0	0	7521.95	0	0	3
31	38	0	0.341234339	101324.713	101323.737	101305.229	101357.865	35.9285345	0	0	0	7496.01	0	0	3
32	40	0	0.352241898	101324.713	101323.767	101305.229	101357.865	35.9285345	0	0	0	7491.69	0	0	3
33	41	0	0.363249458	101324.71	101323.796	101305.229	101357.865	35.9285345	0	0	0	7470.48	0	0	3
34	42	0	0.374257017	101324.715	101323.823	101305.229	101357.865	35.9285345	0	0	0	7469.28	0	0	3
35	43	0	0.385264576	101324.715	101323.849	101305.229	101357.865	35.9285345	0	0	0	7449.81	0	0	3
36	44	0	0.396272136	101324.722	101323.873	101305.229	101357.865	35.9285345	0	0	0	7453.75	0	0	3
37	45	0	0.407279695	101324.726	101323.896	101305.229	101357.865	35.9285345	0	0	0	7441.35	0	0	3
38	46	0	0.418287254	101324.731	101323.918	101305.229	101357.865	35.9285345	0	0	0	7445.69	0	0	3
39	47	0	0.429294814	101324.731	101323.939	101305.229	101357.865	35.9285345	0	0	0	7433.09	0	0	3
40	48	0	0.440302373	101324.733	101323.959	101305.229	101357.865	35.9285345	0	0	0	7435.15	0	0	3
41	50	0	0.451309932	101324.735	101323.977	101305.229	101357.865	35.9285345	0	0	0	7426.01	0	0	3
42	51	0	0.462317492	101324.738	101323.996	101305.229	101357.865	35.9285345	0	0	0	7431.47	0	0	3
43	52	0	0.473325051	101324.738	101324.013	101305.229	101357.865	35.9285345	0	0	0	7422.49	0	0	3
44	53	0	0.48433261	101324.738	101324.029	101305.229	101357.865	35.9285345	0	0	0	7425.94	0	0	3
45	54	0	0.49534017	101324.74	101324.045	101305.229	101357.865	35.9285345	0	0	0	7419	0	0	3
46	55	0	0.506347729	101324.741	101324.06	101305.229	101357.865	35.9285345	0	0	0	7423.44	0	0	3
47	56	0	0.517355288	101324.742	101323.34	101305.229	101324.742	15.655894	0	0	0	7418.23	0	0	3
48	58	0	0.528362848	101324.745	101323.502	101305.229	101324.745	4.868111	0	0	0	7420.92	0	0	3
49	59	0	0.539370407	101324.747	101323.926	101312.132	101324.747	2.12417202	0	0	0	7415.31	0	0	3
50	60	0	0.550377966	101324.752	101324.2	101318.983	101324.752	2.26422601	0	0	0	7418.04	0	0	3
51	61	0	0.561385526	101324.755	101324.326	101320.172	101324.755	2.38971399	0	0	0	7410.83	0	0	3
52	62	0	0.572393085	101324.759	101324.426	101321.854	101324.759	2.48943647	0	0	0	7414.05	0	0	3
53	63	0	0.583400644	101324.759	101324.489	101322.99	101324.759	1.76892439	0	0	0	7405.77	0	0	3
54	64	0	0.594408203	101324.761	101324.527	101323.086	101324.761	1.67540915	0	0	0	7409.08	0	0	3
55	65	0	0.605415763	101324.759	101324.564	101323.199	101324.761	1.56183861	0	0	0	7402.01	0	0	3
56	66	0	0.616423322	101324.758	101324.597	101323.354	101324.761	1.40677059	0	0	0	7405.94	0	0	3
57	67	0	0.627430881	101324.757	101324.628	101323.554	101324.761	1.20665987	0	0	0	7398.6	0	0	3
58	69	0	0.638438441	101324.758	101324.654	101323.852	101324.761	0.909427583	0	0	0	7402.37	0	0	3
59	70	0	0.649446	101324.756	101324.674	101324.053	101324.761	0.708373188	0	0	0	7395.8	0	0	3
60	71	0	0.660453559	101324.756	101324.689	101324.246	101324.761	0.515427253	0	0	0	7399.96	0	0	3
61	72	0	0.671461119	101324.755	101324.7	101324.374	101324.761	0.38730799	0	0	0	7391.95	0	0	3
62	73	0	0.682468678	101324.756	101324.708	101324.453	101324.761	0.308484745	0	0	0	7397.02	0	0	3
63	74	0	0.693476237	101324.755	101324.715	101324.536	101324.761	0.225257473	0	0	0	7387.73	0	0	3
64	75	0	0.704483797	101324.755	101324.72	101324.57	101324.761	0.19149545	0	0	0	7392.06	0	0	3
65	76	0	0.715491356	101324.752	101324.724	101324.609	101324.761	0.151763357	0	0	0	7385.42	0	0	3
66	77	0	0.726498915	101324.752	101324.727	101324.638	101324.761	0.123088683	0	0	0	7388.85	0	0	3
67	79	0	0.737506475	101324.752	101324.729	101324.64	101324.761	0.120736409	0	0	0	7382.16	0	0	3
68	80	0	0.748514034	101324.757	101324.732	101324.652	101324.761	0.109453966	0	0	0	7386.93	0	0	3
69	81	0	0.759521593	101324.759	101324.734	101324.654	101324.761	0.107424627	0	0	0	7379.45	0	0	3
70	82	0	0.770529153	101324.764	101324.737	101324.66	101324.764	0.103831283	0	0	0	7383.73	0	0	3
71	83	0	0.781536712	101324.764	101324.739	101324.672	101324.764	0.092025223	0	0	0	7377.44	0	0	3
72	84	0	0.792544271	101324.766	101324.741	101324.683	101324.766	0.0826860268	0	0	0	7380.79	0	0	3
73	85	0	0.803551831	101324.763	101324.743	101324.692	101324.766	0.0739943392	0	0	0	7374.81	0	0	3
74	86	0	0.81455939	101324.762	101324.744	101324.705	101324.766	0.0607066274	0	0	0	7376.92	0	0	3
75	88	0	0.825566949	101324.759	101324.745	101324.71	101324.766	0.05591983	0	0	0	7370.09	0	0	3
76	89	0	0.836574509	101324.76	101324.746	101324.71	101324.766	0.0555783387	0	0	0	7372.98	0	0	3
77	90	0	0.847582068	101324.761	101324.747	101324.71	101324.766	0.0555783387	0	0	0	7366	0	0	3
78	91	0	0.858589627	101324.761	101324.748	101324.71	101324.766	0.0555783387	0	0	0	7368.06	0	0	3
79	92	0	0.869597187	101324.762	101324.75	101324.715	101324.766	0.0501873117	0	0	0	7361.06	0	0	3
80	93	0	0.880604746	101324.761	101324.751	101324.715	101324.766	0.0501873117	0	0	0	7365.08	0	0	3
81	94	0	0.891612305	101324.76	101324.752	101324.722	101324.766	0.043215597	0	0	0	7356.83	0	0	3
82	95	0	0.902619865	101324.76	101324.752	101324.726	101324.766	0.0397754008	0	0	0	7361.18	0	0	3
83	97	0	0.913627424	101324.761	101324.753	101324.731	101324.766	0.0351396361	0	0	0	7356.09	0	0	3
84	98	0	0.924634983	101324.762	101324.754	101324.731	101324.766	0.0349150184	0	0	0	7361.02	0	0	3
85	99	0	0.935642543	101324.762	101324.755	101324.733	101324.766	0.0327564895	0	0	0	7356.54	0	0	3
86	100	0	0.946650102	101324.761	101324.755	101324.735	101324.766	0.0310334599	0	0	0	7361.85	0	0	3
87	101	0	0.957657661	101324.762	101324.756	101324.738	101324.766	0.0281276435	0	0	0	7355.72	0	0	3
88	103	0	0.96866522	101324.765	101324.756	101324.738	101324.766	0.0278344157	0	0	0	7361.26	0	0	3
89	104	0	0.97967278	101324.766	101324.757	101324.738	101324.766	0.0276296776	0	0	0	7354.34	0	0	3
90	105	0	0.990680339	101324.766	101324.758	101324.74	101324.766	0.0264237173	0	0	0	7359.69	0	0	3
91	106	0	1.0016879	101324.765	101324.758	101324.741	101324.766	0.025129748	0.586124476	0	100	7352.12	0	0	3
