Iteration	CPUTime	PhysTime	Travels	Value	AvValue	MinValue	MaxValue	Delta	Criteria	Progress	dGMaxMin	CriteriaType	CriteriaVarType	CriteriaPercentage
1	6	0	0.0115386682	0	0	0	0	0	0	0	0	0	0	3
2	6	0	0.0230773363	0	0	0	0	0	0	0	0	0	0	3
3	7	0	0.0346160045	0	0	0	0	0	0	0	0	0	0	3
4	8	0	0.0461546727	0	0	0	0	0	0	0	0	0	0	3
5	9	0	0.0576933408	0	0	0	0	0	0	0	0	0	0	3
6	10	0	0.069232009	0	0	0	0	0	0	0	0	0	0	3
7	11	0	0.0807706772	0	0	0	0	0	0	0	0	0	0	3
8	12	0	0.0923093453	0	0	0	0	0	0	0	0	0	0	3
9	13	0	0.103848013	0	0	0	0	0	0	0	0	0	0	3
10	13	0	0.115386682	0	0	0	0	0	0	0	0	0	0	3
11	14	0	0.12692535	0	0	0	0	0	0	0	0	0	0	3
12	15	0	0.138464018	0	0	0	0	0	0	0	0	0	0	3
13	16	0	0.150002686	0	0	0	0	0	0	0	0	0	0	3
14	17	0	0.161541354	0	0	0	0	0	0	0	0	0	0	3
15	18	0	0.173080022	0	0	0	0	0	0	0	0	0	0	3
16	19	0	0.184618691	0	0	0	0	0	0	0	0	0	0	3
17	19	0	0.196157359	0	0	0	0	0	0	0	0	0	0	3
18	20	0	0.207696027	0	0	0	0	0	0	0	0	0	0	3
19	21	0	0.219234695	0	0	0	0	0	0	0	0	0	0	3
20	22	0	0.230773363	0	0	0	0	0	0	0	0	0	0	3
21	23	0	0.242312031	0	0	0	0	0	0	0	0	0	0	3
22	24	0	0.2538507	0	0	0	0	0	0	0	0	0	0	3
23	25	0	0.265389368	0	0	0	0	0	0	0	0	0	0	3
24	26	0	0.276928036	0	0	0	0	0	0	0	0	0	0	3
25	26	0	0.288466704	0	0	0	0	0	0	0	0	0	0	3
26	27	0	0.300005372	0	0	0	0	0	0	0	0	0	0	3
27	28	0	0.31154404	0	0	0	0	0	0	0	0	0	0	3
28	29	0	0.323082709	0	0	0	0	0	0	0	0	0	0	3
29	30	0	0.334621377	0	0	0	0	0	0	0	0	0	0	3
30	31	0	0.346160045	0	0	0	0	0	0	0	0	0	0	3
31	31	0	0.357698713	0	0	0	0	0	0	0	0	0	0	3
32	32	0	0.369237381	0	0	0	0	0	0	0	0	0	0	3
33	33	0	0.380776049	0	0	0	0	0	0	0	0	0	0	3
34	34	0	0.392314718	0	0	0	0	0	0	0	0	0	0	3
35	35	0	0.403853386	0	0	0	0	0	0	0	0	0	0	3
36	35	0	0.415392054	0	0	0	0	0	0	0	0	0	0	3
37	36	0	0.426930722	0	0	0	0	0	0	0	0	0	0	3
38	37	0	0.43846939	0	0	0	0	0	0	0	0	0	0	3
39	38	0	0.450008058	0	0	0	0	0	0	0	0	0	0	3
40	39	0	0.461546727	0	0	0	0	0	0	0	0	0	0	3
41	39	0	0.473085395	0	0	0	0	0	0	0	0	0	0	3
42	40	0	0.484624063	0	0	0	0	0	0	0	0	0	0	3
43	41	0	0.496162731	0	0	0	0	0	0	0	0	0	0	3
44	42	0	0.507701399	0	0	0	0	0	0	0	0	0	0	3
45	43	0	0.519240067	0	0	0	0	0	0	0	0	0	0	3
46	44	0	0.530778736	0	0	0	0	0	0	0	0	0	0	3
47	44	0	0.542317404	0	0	0	0	0	0	0	0	0	0	3
48	45	0	0.553856072	0	0	0	0	0	0	0	0	0	0	3
49	46	0	0.56539474	0	0	0	0	0	0	0	0	0	0	3
50	47	0	0.576933408	0	0	0	0	0	0	0	0	0	0	3
51	47	0	0.588472076	0	0	0	0	0	0	0	0	0	0	3
52	48	0	0.600010745	0	0	0	0	0	0	0	0	0	0	3
53	49	0	0.611549413	0	0	0	0	0	0	0	0	0	0	3
54	50	0	0.623088081	0	0	0	0	0	0	0	0	0	0	3
55	51	0	0.634626749	0	0	0	0	0	0	0	0	0	0	3
56	51	0	0.646165417	0	0	0	0	0	0	0	0	0	0	3
57	52	0	0.657704085	0	0	0	0	0	0	0	0	0	0	3
58	53	0	0.669242754	0	0	0	0	0	0	0	0	0	0	3
59	54	0	0.680781422	0	0	0	0	0	0	0	0	0	0	3
60	54	0	0.69232009	0	0	0	0	0	0	0	0	0	0	3
61	55	0	0.703858758	0	0	0	0	0	0	0	0	0	0	3
62	56	0	0.715397426	0	0	0	0	0	0	0	0	0	0	3
63	57	0	0.726936094	0	0	0	0	0	0	0	0	0	0	3
64	58	0	0.738474763	0	0	0	0	0	0	0	0	0	0	3
65	58	0	0.750013431	0	0	0	0	0	0	0	0	0	0	3
66	59	0	0.761552099	0	0	0	0	0	0	0	0	0	0	3
67	60	0	0.773090767	0	0	0	0	0	0	0	0	0	0	3
68	61	0	0.784629435	0	0	0	0	0	0	0	0	0	0	3
69	62	0	0.796168103	0	0	0	0	0	0	0	0	0	0	3
70	62	0	0.807706772	0	0	0	0	0	0	0	0	0	0	3
71	63	0	0.81924544	0	0	0	0	0	0	0	0	0	0	3
72	64	0	0.830784108	0	0	0	0	0	0	0	0	0	0	3
73	65	0	0.842322776	0	0	0	0	0	0	0	0	0	0	3
74	65	0	0.853861444	0	0	0	0	0	0	0	0	0	0	3
75	66	0	0.865400112	0	0	0	0	0	0	0	0	0	0	3
76	67	0	0.876938781	0	0	0	0	0	0	0	0	0	0	3
77	68	0	0.888477449	0	0	0	0	0	0	0	0	0	0	3
78	69	0	0.900016117	0	0	0	0	0	0	0	0	0	0	3
79	69	0	0.911554785	0	0	0	0	0	0	0	0	0	0	3
80	70	0	0.923093453	0	0	0	0	0	0	0	0	0	0	3
81	71	0	0.934632121	0	0	0	0	0	0	0	0	0	0	3
82	72	0	0.94617079	0	0	0	0	0	0	0	0	0	0	3
83	72	0	0.957709458	0	0	0	0	0	0	0	0	0	0	3
84	73	0	0.969248126	0	0	0	0	0	0	0	0	0	0	3
85	74	0	0.980786794	0	0	0	0	0	0	0	0	0	0	3
86	75	0	0.992325462	0	0	0	0	0	0	0	0	0	0	3
87	76	0	1.00386413	0	0	0	0	0	5e-006	100	0	0	0	3
88	76	0	1.0154028	0	0	0	0	0	5e-006	100	0	0	0	3
89	77	0	1.02694147	0	0	0	0	0	5e-006	100	0	0	0	3
90	78	0	1.03848013	0	0	0	0	0	5e-006	100	0	0	0	3
91	79	0	1.0500188	0	0	0	0	0	5e-006	100	0	0	0	3
92	79	0	1.06155747	0	0	0	0	0	5e-006	100	0	0	0	3
93	80	0	1.07309614	0	0	0	0	0	5e-006	100	0	0	0	3
94	81	0	1.08463481	0	0	0	0	0	5e-006	100	0	0	0	3
95	82	0	1.09617348	0	0	0	0	0	5e-006	100	0	0	0	3
96	83	0	1.10771214	0	0	0	0	0	5e-006	100	0	0	0	3
97	83	0	1.11925081	0	0	0	0	0	5e-006	100	0	0	0	3
98	84	0	1.13078948	0	0	0	0	0	5e-006	100	0	0	0	3
99	85	0	1.14232815	0	0	0	0	0	5e-006	100	0	0	0	3
100	86	0	1.15386682	0	0	0	0	0	5e-006	100	0	0	0	3
101	87	0	1.16540548	0	0	0	0	0	5e-006	100	0	0	0	3
102	88	0	1.17694415	0	0	0	0	0	5e-006	100	0	0	0	3
103	88	0	1.18848282	0	0	0	0	0	5e-006	100	0	0	0	3
