Iteration	CPUTime	PhysTime	Travels	Value	AvValue	MinValue	MaxValue	Delta	Criteria	Progress	dGMaxMin	CriteriaType	CriteriaVarType	CriteriaPercentage
1	10	0	0.0107777809	-611.801452	-611.801452	-611.801452	-611.801452	0	0	0	0	0	0	0	3
2	12	0	0.0215555617	-917.11319	-764.457321	-917.11319	-611.801452	152.655869	0	0	0	0	0	0	3
3	14	0	0.0323333426	-1200.23914	-909.717929	-1200.23914	-611.801452	297.916477	0	0	0	0	0	0	3
4	16	0	0.0431111234	-1427.69212	-1039.21148	-1427.69212	-611.801452	427.410025	0	0	0	0	0	0	3
5	17	0	0.0538889043	-1586.57529	-1148.68424	-1586.57529	-611.801452	536.882787	0	0	0	0	0	0	3
6	19	0	0.0646666851	-1694.36348	-1239.63078	-1694.36348	-611.801452	627.829327	0	0	0	0	0	0	3
7	21	0	0.075444466	-1710.91567	-1306.95719	-1710.91567	-611.801452	695.15574	0	0	0	0	0	0	3
8	23	0	0.0862222468	-1610.79208	-1344.93655	-1710.91567	-611.801452	733.135101	0	0	0	0	0	0	3
9	25	0	0.0970000277	-1467.17205	-1358.51827	-1710.91567	-611.801452	746.716823	0	0	0	0	0	0	3
10	28	0	0.107777809	-1337.9964	-1356.46609	-1710.91567	-611.801452	746.716823	0	0	0	0	0	0	3
11	30	0	0.118555589	-1188.06001	-1341.15644	-1710.91567	-611.801452	746.716823	0	0	0	0	0	0	3
12	32	0	0.12933337	-1063.60925	-1318.02751	-1710.91567	-611.801452	746.716823	0	0	0	0	0	0	3
13	33	0	0.140111151	-1016.02656	-1294.79667	-1710.91567	-611.801452	746.716823	0	0	0	0	0	0	3
14	35	0	0.150888932	-967.880008	-1271.44548	-1710.91567	-611.801452	746.716823	0	0	0	0	0	0	3
15	37	0	0.161666713	-927.616849	-1248.52357	-1710.91567	-611.801452	746.716823	0	0	0	0	0	0	3
16	39	0	0.172444494	-891.509835	-1226.21021	-1710.91567	-611.801452	746.716823	0	0	0	0	0	0	3
17	41	0	0.183222275	-848.823916	-1204.01102	-1710.91567	-611.801452	746.716823	0	0	0	0	0	0	3
18	42	0	0.194000055	-807.10536	-1181.9607	-1710.91567	-611.801452	746.716823	0	0	0	0	0	0	3
19	44	0	0.204777836	-769.851	-1160.27072	-1710.91567	-611.801452	746.716823	0	0	0	0	0	0	3
20	46	0	0.215555617	-737.511321	-1139.13275	-1710.91567	-611.801452	746.716823	0	0	0	0	0	0	3
21	48	0	0.226333398	-709.663666	-1118.68184	-1710.91567	-611.801452	746.716823	0	0	0	0	0	0	3
22	50	0	0.237111179	-681.284376	-1098.80014	-1710.91567	-611.801452	746.716823	0	0	0	0	0	0	3
23	52	0	0.24788896	-655.854868	-1079.54165	-1710.91567	-611.801452	746.716823	0	0	0	0	0	0	3
24	54	0	0.258666741	-635.010888	-1061.01953	-1710.91567	-611.801452	746.716823	0	0	0	0	0	0	3
25	56	0	0.269444521	-616.769447	-1043.24953	-1710.91567	-611.801452	746.716823	0	0	0	0	0	0	3
26	58	0	0.280222302	-600.266456	-1026.21172	-1710.91567	-600.266456	746.716823	0	0	0	0	0	0	3
27	60	0	0.291000083	-578.538989	-1009.63125	-1710.91567	-578.538989	746.716823	0	0	0	0	0	0	3
28	62	0	0.301777864	-557.473523	-993.482757	-1710.91567	-557.473523	746.716823	0	0	0	0	0	0	3
29	64	0	0.312555645	-537.727554	-977.76706	-1710.91567	-537.727554	746.716823	0	0	0	0	0	0	3
30	66	0	0.323333426	-521.912743	-962.571916	-1710.91567	-521.912743	746.716823	0	0	0	0	0	0	3
31	68	0	0.334111206	-512.983223	-948.069055	-1710.91567	-512.983223	746.716823	0	0	0	0	0	0	3
32	70	0	0.344888987	-506.706661	-934.27648	-1710.91567	-506.706661	746.716823	0	0	0	0	0	0	3
33	72	0	0.355666768	-504.674375	-921.258235	-1710.91567	-504.674375	746.716823	0	0	0	0	0	0	3
34	74	0	0.366444549	-504.916541	-909.012891	-1710.91567	-504.674375	746.716823	0	0	0	0	0	0	3
35	75	0	0.37722233	-505.599123	-897.486783	-1710.91567	-504.674375	746.716823	0	0	0	0	0	0	3
36	78	0	0.388000111	-510.074475	-886.72533	-1710.91567	-504.674375	746.716823	0	0	0	0	0	0	3
37	80	0	0.398777892	-507.933498	-876.487713	-1710.91567	-504.674375	746.716823	0	0	0	0	0	0	3
38	82	0	0.409555672	-505.410675	-866.722528	-1710.91567	-504.674375	746.716823	0	0	0	0	0	0	3
39	84	0	0.420333453	-503.274382	-857.403345	-1710.91567	-503.274382	746.716823	0	0	0	0	0	0	3
40	86	0	0.431111234	-501.744188	-848.511866	-1710.91567	-501.744188	746.716823	0	0	0	0	0	0	3
41	88	0	0.441889015	-505.957417	-840.156879	-1710.91567	-501.744188	746.716823	0	0	0	0	0	0	3
42	89	0	0.452666796	-504.976763	-832.1764	-1710.91567	-501.744188	746.716823	0	0	0	0	0	0	3
43	91	0	0.463444577	-504.070847	-824.546039	-1710.91567	-501.744188	746.716823	0	0	0	0	0	0	3
44	93	0	0.474222358	-503.249263	-817.243839	-1710.91567	-501.744188	746.716823	0	0	0	0	0	0	3
45	95	0	0.485000138	-502.165065	-810.242089	-1710.91567	-501.744188	746.716823	0	0	0	0	0	0	3
46	97	0	0.495777919	-505.778408	-803.623313	-1710.91567	-501.744188	746.716823	0	0	0	0	0	0	3
47	99	0	0.5065557	-504.339187	-797.255566	-1710.91567	-501.744188	746.716823	0	0	0	0	0	0	3
48	101	0	0.517333481	-502.958269	-794.939753	-1710.91567	-501.744188	594.060954	0	0	0	0	0	0	3
49	102	0	0.528111262	-501.698975	-786.101153	-1710.91567	-501.698975	572.417122	0	0	0	0	0	0	3
50	104	0	0.538889043	-500.669837	-771.2167	-1710.91567	-500.669837	587.301575	0	0	0	0	0	0	3
51	106	0	0.549666824	-502.166296	-751.524661	-1710.91567	-500.669837	606.993614	0	0	0	0	0	0	3
52	108	0	0.560444604	-501.361061	-728.434996	-1710.91567	-500.669837	630.083279	0	0	0	0	0	0	3
53	109	0	0.571222385	-500.849133	-703.041074	-1710.91567	-500.669837	655.477201	0	0	0	0	0	0	3
54	111	0	0.582000166	-500.738972	-677.292634	-1610.79208	-500.669837	681.225641	0	0	0	0	0	0	3
55	113	0	0.592777947	-500.774051	-653.675229	-1467.17205	-500.669837	704.843046	0	0	0	0	0	0	3
56	115	0	0.603555728	-502.411541	-633.148409	-1337.9964	-500.669837	723.317678	0	0	0	0	0	0	3
57	117	0	0.614333509	-502.747815	-615.377163	-1188.06001	-500.669837	687.390172	0	0	0	0	0	0	3
58	119	0	0.62511129	-503.233405	-600.806384	-1063.60925	-500.669837	562.939413	0	0	0	0	0	0	3
59	120	0	0.63588907	-503.786958	-588.895272	-1016.02656	-500.669837	515.356724	0	0	0	0	0	0	3
60	122	0	0.646666851	-504.364434	-578.008843	-967.880008	-500.669837	467.21017	0	0	0	0	0	0	3
61	124	0	0.657444632	-505.658158	-568.174336	-927.616849	-500.669837	426.947011	0	0	0	0	0	0	3
62	126	0	0.668222413	-505.871348	-559.201027	-891.509835	-500.669837	390.839998	0	0	0	0	0	0	3
63	128	0	0.679000194	-505.794925	-550.994327	-848.823916	-500.669837	348.154079	0	0	0	0	0	0	3
64	129	0	0.689777975	-505.826752	-543.696515	-807.10536	-500.669837	306.435523	0	0	0	0	0	0	3
65	131	0	0.700555756	-505.637975	-537.282315	-769.851	-500.669837	269.181163	0	0	0	0	0	0	3
66	133	0	0.711333536	-506.115834	-531.670929	-737.511321	-500.669837	236.841484	0	0	0	0	0	0	3
67	134	0	0.722111317	-505.699294	-526.738758	-709.663666	-500.669837	208.993829	0	0	0	0	0	0	3
68	136	0	0.732889098	-505.308776	-522.390782	-681.284376	-500.669837	180.614539	0	0	0	0	0	0	3
69	138	0	0.743666879	-504.909081	-518.638116	-655.854868	-500.669837	155.185031	0	0	0	0	0	0	3
70	140	0	0.75444466	-504.639609	-515.42077	-635.010888	-500.669837	134.341051	0	0	0	0	0	0	3
71	141	0	0.765222441	-504.73971	-512.649043	-616.769447	-500.669837	116.099609	0	0	0	0	0	0	3
72	143	0	0.776000222	-504.297587	-510.256024	-600.266456	-500.669837	99.5966186	0	0	0	0	0	0	3
73	145	0	0.786778002	-503.98996	-508.207588	-578.538989	-500.669837	77.8691517	0	0	0	0	0	0	3
74	146	0	0.797555783	-503.808147	-506.61757	-557.473523	-500.669837	56.8036856	0	0	0	0	0	0	3
75	148	0	0.808333564	-503.664796	-505.472704	-537.727554	-500.669837	37.0577165	0	0	0	0	0	0	3
76	150	0	0.819111345	-504.033398	-504.755807	-521.912743	-500.669837	21.2429054	0	0	0	0	0	0	3
77	152	0	0.829889126	-504.054527	-504.375845	-512.983223	-500.669837	12.3133853	0	0	0	0	0	0	3
78	153	0	0.840666907	-504.317824	-504.191475	-510.074475	-500.669837	9.40463785	0	0	0	0	0	0	3
79	155	0	0.851444687	-504.487182	-504.144252	-510.074475	-500.669837	9.40463785	0	0	0	0	0	0	3
80	157	0	0.862222468	-504.706388	-504.144933	-510.074475	-500.669837	9.40463785	0	0	0	0	0	0	3
81	158	0	0.873000249	-505.104102	-504.148924	-510.074475	-500.669837	9.40463785	0	0	0	0	0	0	3
82	160	0	0.88377803	-505.245772	-504.141406	-510.074475	-500.669837	9.40463785	0	0	0	0	0	0	3
83	162	0	0.894555811	-505.425189	-504.042485	-507.933498	-500.669837	7.26366044	0	0	0	0	0	0	3
84	163	0	0.905333592	-505.611505	-503.99308	-506.115834	-500.669837	5.4459963	0	0	0	0	0	0	3
85	165	0	0.916111373	-505.737215	-504.000028	-506.115834	-500.669837	5.4459963	0	0	0	0	0	0	3
86	167	0	0.926889153	-506.122353	-504.060623	-506.122353	-500.669837	5.45251514	0	0	0	0	0	0	3
87	168	0	0.937666934	-506.178461	-504.154969	-506.178461	-500.669837	5.50862317	0	0	0	0	0	0	3
88	170	0	0.948444715	-506.270421	-504.161629	-506.270421	-500.669837	5.600584	0	0	0	0	0	0	3
89	172	0	0.959222496	-506.241893	-504.188547	-506.270421	-500.669837	5.600584	0	0	0	0	0	0	3
90	173	0	0.970000277	-506.216006	-504.234188	-506.270421	-500.669837	5.600584	0	0	0	0	0	0	3
91	175	0	0.980778058	-506.288495	-504.298853	-506.288495	-500.669837	5.61865752	0	0	0	0	0	0	3
92	177	0	0.991555839	-506.347054	-504.387831	-506.347054	-500.669837	5.67721626	0	0	0	0	0	0	3
93	179	0	1.00233362	-506.259509	-504.398068	-506.347054	-500.669837	5.67721626	36.3073749	0	100	0	0	0	3
