Iteration	CPUTime	PhysTime	Travels	Value	AvValue	MinValue	MaxValue	Delta	Criteria	Progress	dGMaxMin	CriteriaType	CriteriaVarType	CriteriaPercentage
1	1	0	0.0183241542	293.105466	293.105466	293.105466	293.105466	0	0	0	0	146.34	0	0	3
2	2	0	0.0366483084	293.108955	293.107211	293.105466	293.108955	0.00174441834	0	0	0	327.055	0	0	3
3	2	0	0.0549724626	293.116917	293.110446	293.105466	293.116917	0.00498005193	0	0	0	418.002	0	0	3
4	2	0	0.0732966168	293.141129	293.118117	293.105466	293.141129	0.0126507509	0	0	0	544.594	0	0	3
5	2	0	0.091620771	293.159339	293.126361	293.105466	293.159339	0.0208952176	0	0	0	696.426	0	0	3
6	2	0	0.109944925	293.171653	293.13391	293.105466	293.171653	0.0284438406	0	0	0	800.226	0	0	3
7	3	0	0.128269079	293.166439	293.138557	293.105466	293.171653	0.033090863	0	0	0	794.036	0	0	3
8	3	0	0.146593234	293.157892	293.140974	293.105466	293.171653	0.0355077854	0	0	0	820.832	0	0	3
9	3	0	0.164917388	293.125105	293.139211	293.105466	293.171653	0.0355077854	0	0	0	843.584	0	0	3
10	3	0	0.183241542	293.082805	293.13357	293.082805	293.171653	0.0355077854	0	0	0	846.762	0	0	3
11	3	0	0.201565696	293.051056	293.126069	293.051056	293.171653	0.0355077854	0	0	0	1269.56	0	0	3
12	3	0	0.21988985	293.030941	293.118142	293.030941	293.171653	0.0355077854	0	0	0	1276.75	0	0	3
13	3	0	0.238214005	293.013898	293.110123	293.013898	293.171653	0.0355077854	0	0	0	1282.82	0	0	3
14	4	0	0.256538159	292.994737	293.101881	292.994737	293.171653	0.0390928641	0	0	0	1286.06	0	0	3
15	4	0	0.274862313	292.973761	293.09334	292.973761	293.171653	0.0476342176	0	0	0	1286.09	0	0	3
16	4	0	0.293186467	292.950573	293.084417	292.950573	293.171653	0.0565571131	0	0	0	1300.35	0	0	3
17	4	0	0.311510621	292.926202	293.07511	292.926202	293.171653	0.0658638791	0	0	0	1295.66	0	0	3
18	4	0	0.329834776	292.90475	293.065646	292.90475	293.171653	0.0753283215	0	0	0	1290.18	0	0	3
19	4	0	0.34815893	292.88614	293.056198	292.88614	293.171653	0.0847759834	0	0	0	1284.82	0	0	3
20	4	0	0.366483084	292.871083	293.046942	292.871083	293.171653	0.0940317131	0	0	0	1280.2	0	0	3
21	5	0	0.384807238	292.858303	293.037959	292.858303	293.171653	0.103014512	0	0	0	1222.53	0	0	3
22	5	0	0.403131392	292.860795	293.029906	292.858303	293.171653	0.111067449	0	0	0	1221.82	0	0	3
23	5	0	0.421455547	292.87324	293.023095	292.858303	293.171653	0.117879046	0	0	0	1221.98	0	0	3
24	5	0	0.439779701	292.893151	293.01768	292.858303	293.171653	0.123293377	0	0	0	1221.14	0	0	3
25	5	0	0.458103855	292.929812	293.014166	292.858303	293.171653	0.126808099	0	0	0	1220.09	0	0	3
26	5	0	0.476428009	292.968372	293.012404	292.858303	293.171653	0.128569383	0	0	0	1178.63	0	0	3
27	5	0	0.494752163	293.016752	293.012566	292.858303	293.171653	0.128569383	0	0	0	1175.97	0	0	3
28	6	0	0.513076318	293.065171	293.014444	292.858303	293.171653	0.128569383	0	0	0	1176.41	0	0	3
29	6	0	0.531400472	293.130686	293.015345	292.858303	293.171653	0.128569383	0	0	0	1175.81	0	0	3
30	6	0	0.549724626	293.204111	293.018743	292.858303	293.204111	0.128569383	0	0	0	1175.61	0	0	3
31	6	0	0.56804878	293.325989	293.02621	292.858303	293.325989	0.128569383	0	0	0	1101.65	0	0	3
32	6	0	0.586372934	293.463789	293.037734	292.858303	293.463789	0.128569383	0	0	0	1101.53	0	0	3
33	6	0	0.604697089	293.604767	293.053642	292.858303	293.604767	0.128569383	0	0	0	1101.49	0	0	3
34	7	0	0.623021243	293.772242	293.075092	292.858303	293.772242	0.128569383	0	0	0	1101.29	0	0	3
35	7	0	0.641345397	293.953386	293.103197	292.858303	293.953386	0.128569383	0	0	0	1100.59	0	0	3
36	7	0	0.659669551	294.275923	293.143126	292.858303	294.275923	0.130722008	0	0	0	1013.84	0	0	3
37	7	0	0.677993705	294.635382	293.197065	292.858303	294.635382	0.184660476	0	0	0	1013.7	0	0	3
38	7	0	0.69631786	295.08303	293.268502	292.858303	295.08303	0.256097088	0	0	0	1013.44	0	0	3
39	7	0	0.714642014	295.563412	293.358229	292.858303	295.563412	0.345824054	0	0	0	1013.08	0	0	3
40	7	0	0.732966168	296.147246	293.469525	292.858303	296.147246	0.457120647	0	0	0	1012.92	0	0	3
41	8	0	0.751290322	297.038736	293.613269	292.858303	297.038736	0.600864851	0	0	0	407.505	0	0	3
42	8	0	0.769614476	298.259837	293.801309	292.858303	298.259837	0.78890412	0	0	0	300.098	0	0	3
43	8	0	0.787938631	299.641692	294.039449	292.858303	299.641692	1.02704454	0	0	0	299.274	0	0	3
44	8	0	0.806262785	300.948615	294.325093	292.858303	300.948615	1.31268889	0	0	0	304.879	0	0	3
45	8	0	0.824586939	302.083243	294.652131	292.858303	302.083243	1.63972606	0	0	0	303.523	0	0	3
46	9	0	0.842911093	303.048622	295.014412	292.858303	303.048622	2.00200719	0	0	0	200.063	0	0	3
47	9	0	0.861235247	303.779133	295.403447	292.858303	303.779133	2.39104265	0	0	0	181.187	0	0	3
48	9	0	0.879559402	304.279747	295.810899	292.858303	304.279747	2.79849492	0	0	0	189.613	0	0	3
49	9	0	0.897883556	304.525052	296.227569	292.860795	304.525052	3.21516452	0	0	0	193.325	0	0	3
50	9	0	0.91620771	304.58398	296.646254	292.87324	304.58398	3.6338497	0	0	0	189.628	0	0	3
51	9	0	0.934531864	304.516261	297.062076	292.893151	304.58398	4.04967189	0	0	0	169.122	0	0	3
52	10	0	0.952856018	304.380927	297.472354	292.929812	304.58398	4.45994961	0	0	0	159.961	0	0	3
53	10	0	0.971180173	304.172669	297.873885	292.968372	304.58398	4.8614802	0	0	0	162.523	0	0	3
54	10	0	0.989504327	303.859753	298.262863	293.016752	304.58398	5.25029706	0	0	0	164.136	0	0	3
55	10	0	1.00782848	303.499033	298.63723	293.065171	304.58398	5.62278548	0.351770293	0	6.2	164.471	0	0	3
56	10	0	1.02615264	303.132602	298.996781	293.130686	304.58398	5.98143588	0.351770293	0	5.8	159.627	0	0	3
57	11	0	1.04447679	302.724707	299.339424	293.204111	304.58398	6.32068103	0.351770293	0	5.5	163.068	0	0	3
58	11	0	1.06280094	302.323991	299.665134	293.325989	304.58398	6.63892418	0.351770293	0	5.2	165.765	0	0	3
59	11	0	1.0811251	301.906981	299.971598	293.463789	304.58398	6.9338646	0.351770293	0	5	167.264	0	0	3
60	11	0	1.09944925	301.505806	300.258813	293.604767	304.58398	7.20517135	0.351770293	0	4.8	168.303	0	0	3
61	11	0	1.11777341	301.108455	300.526802	293.772242	304.58398	7.45171063	0.351770293	0	4.7	168.711	0	0	3
62	12	0	1.13609756	300.729112	300.775262	293.953386	304.58398	7.67206503	0.351770293	0	4.5	169.016	0	0	3
63	12	0	1.15442171	300.362786	301.004169	294.275923	304.58398	7.86104251	0.351770293	0	4.4	168.173	0	0	3
64	12	0	1.17274587	300.010265	301.208967	294.635382	304.58398	8.01190196	0.351770293	0	4.3	169.576	0	0	3
65	12	0	1.19107002	299.674596	301.388939	295.08303	304.58398	8.12043725	0.351770293	0	4.3	169.309	0	0	3
66	13	0	1.20939418	299.359352	301.541665	295.563412	304.58398	8.18343606	0.351770293	0	4.2	170.559	0	0	3
67	13	0	1.22771833	299.056928	301.666433	296.147246	304.58398	8.19690793	0.351770293	0	4.2	171.089	0	0	3
68	13	0	1.24604249	298.767827	301.760025	297.038736	304.58398	7.54524417	0.351770293	0	4.6	171.455	0	0	3
69	13	0	1.26436664	298.491148	301.811897	298.259837	304.58398	6.3241428	0.351770293	0	5.5	172.371	0	0	3
70	13	0	1.28269079	298.22901	301.810796	298.22901	304.58398	6.35496985	0.351770293	0	5.5	173.6	0	0	3
71	14	0	1.30101495	297.978637	301.751401	297.978637	304.58398	6.60534262	0.351770293	0	5.3	175.117	0	0	3
72	14	0	1.3193391	297.743194	301.636922	297.743194	304.58398	6.84078529	0.351770293	0	5.1	177.657	0	0	3
73	14	0	1.33766326	297.522758	301.474048	297.522758	304.58398	6.79748545	0.351770293	0	5.1	178.721	0	0	3
74	14	0	1.35598741	297.307555	301.269009	297.307555	304.58398	6.40845	0.351770293	0	5.4	178.043	0	0	3
75	14	0	1.37431156	297.100272	301.030479	297.100272	304.58398	6.00099772	0.351770293	0	5.8	177.168	0	0	3
76	14	0	1.39263572	296.902975	300.767023	296.902975	304.58398	5.58432812	0.351770293	0	6.2	175.631	0	0	3
77	15	0	1.41095987	296.709811	300.487907	296.709811	304.58398	5.16564294	0.351770293	0	6.8	176.042	0	0	3
78	15	0	1.42928403	296.526258	300.200131	296.526258	304.516261	4.74982075	0.351770293	0	7.4	177.563	0	0	3
79	15	0	1.44760818	296.345737	299.908327	296.345737	304.380927	4.33954304	0.351770293	0	8.1	179.262	0	0	3
80	15	0	1.46593234	296.177845	299.615359	296.177845	304.172669	3.93801245	0.351770293	0	8.9	181.614	0	0	3
81	16	0	1.48425649	296.015988	299.324049	296.015988	303.859753	3.54903456	0.351770293	0	9.9	183.082	0	0	3
82	16	0	1.50258064	295.864133	299.038491	295.864133	303.499033	3.17466738	0.351770293	0	11	184.259	0	0	3
83	16	0	1.5209048	295.717067	298.760564	295.717067	303.132602	3.05133301	0.351770293	0	11.5	182.334	0	0	3
84	16	0	1.53922895	295.572909	298.490575	295.572909	302.724707	3.32132206	0.351770293	0	10.5	182.227	0	0	3
85	16	0	1.55755311	295.431745	298.230112	295.431745	302.323991	3.58178499	0.351770293	0	9.8	184.082	0	0	3
86	17	0	1.57587726	295.295279	297.979087	295.295279	301.906981	3.83281041	0.351770293	0	9.1	185.566	0	0	3
87	17	0	1.59420142	295.158506	297.73807	295.158506	301.505806	4.07382737	0.351770293	0	8.6	186.827	0	0	3
88	17	0	1.61252557	295.026098	297.506652	295.026098	301.108455	4.30524553	0.351770293	0	8.1	187.487	0	0	3
89	17	0	1.63084972	294.893522	297.28469	294.893522	300.729112	4.52720743	0.351770293	0	7.7	189.555	0	0	3
90	17	0	1.64917388	294.763514	297.071633	294.763514	300.362786	4.74026448	0.351770293	0	7.4	191.724	0	0	3
91	18	0	1.66749803	294.628858	296.86685	294.628858	300.010265	4.94504762	0.351770293	0	7.1	194.447	0	0	3
92	18	0	1.68582219	294.491722	296.669759	294.491722	299.674596	5.14213844	0.351770293	0	6.8	195.825	0	0	3
93	18	0	1.70414634	294.350149	296.4796	294.350149	299.359352	5.00920279	0.351770293	0	7	196.221	0	0	3
94	18	0	1.72247049	294.209011	296.295659	294.209011	299.056928	4.84791745	0.351770293	0	7.2	196.125	0	0	3
95	18	0	1.74079465	294.069174	296.117525	294.069174	298.767827	4.69865305	0.351770293	0	7.4	195.976	0	0	3
96	19	0	1.7591188	293.932019	295.944818	293.932019	298.491148	4.55912815	0.351770293	0	7.7	195.266	0	0	3
97	19	0	1.77744296	293.795505	295.777116	293.795505	298.22901	4.43350506	0.351770293	0	7.9	193.156	0	0	3
98	19	0	1.79576711	293.660864	295.613968	293.660864	297.978637	4.31777327	0.351770293	0	8.1	190.465	0	0	3
99	19	0	1.81409127	293.525689	295.454934	293.525689	297.743194	4.21750514	0.351770293	0	8.3	188.123	0	0	3
100	19	0	1.83241542	293.389728	295.299453	293.389728	297.522758	4.13302993	0.351770293	0	8.5	189.276	0	0	3
101	20	0	1.85073957	293.253515	295.14698	293.253515	297.307555	4.05404001	0.351770293	0	8.6	188.874	0	0	3
102	20	0	1.86906373	293.121175	294.997467	293.121175	297.100272	3.97909607	0.351770293	0	8.8	186.696	0	0	3
103	20	0	1.88738788	292.991655	294.85073	292.991655	296.902975	3.9113197	0.351770293	0	8.9	185.627	0	0	3
104	20	0	1.90571204	292.86497	294.706516	292.86497	296.709811	3.84484033	0.351770293	0	9.1	183.937	0	0	3
105	21	0	1.92403619	292.74167	294.564797	292.74167	296.526258	3.7845883	0.351770293	0	9.2	180.706	0	0	3
106	21	0	1.94236035	292.622996	294.425394	292.622996	296.345737	3.7227407	0.351770293	0	9.4	179.537	0	0	3
107	21	0	1.9606845	292.5053	294.288236	292.5053	296.177845	3.67254439	0.351770293	0	9.5	181.269	0	0	3
108	21	0	1.97900865	292.391963	294.153026	292.391963	296.015988	3.62402523	0.351770293	0	9.7	183.222	0	0	3
109	22	0	1.99733281	292.280405	294.019612	292.280405	295.864133	3.58372836	0.351770293	0	9.8	185.336	0	0	3
110	22	0	2.01565696	292.172745	293.887777	292.172745	295.717067	3.54432258	0.351770293	0	9.9	186.297	0	0	3
111	22	0	2.03398112	292.065975	293.757381	292.065975	295.572909	3.50693417	0.351770293	0	10	185.938	0	0	3
112	22	0	2.05230527	291.960997	293.628384	291.960997	295.431745	3.47074782	0.351770293	0	10.1	184.587	0	0	3
113	22	0	2.07062942	291.858653	293.500773	291.858653	295.295279	3.4366261	0.351770293	0	10.2	184.022	0	0	3
114	23	0	2.08895358	291.759861	293.374509	291.759861	295.158506	3.39864527	0.351770293	0	10.3	182.89	0	0	3
115	23	0	2.10727773	291.665275	293.24975	291.665275	295.026098	3.36082247	0.351770293	0	10.4	181.819	0	0	3
116	23	0	2.12560189	291.574846	293.126491	291.574846	294.893522	3.3186757	0.351770293	0	10.5	180.495	0	0	3
117	23	0	2.14392604	291.489357	293.004914	291.489357	294.763514	3.27415758	0.351770293	0	10.7	179.096	0	0	3
118	24	0	2.1622502	291.407212	292.885046	291.407212	294.628858	3.22164539	0.351770293	0	10.9	177.601	0	0	3
119	24	0	2.18057435	291.328262	292.767168	291.328262	294.491722	3.16345994	0.351770293	0	11.1	179.622	0	0	3
120	24	0	2.1988985	291.253544	292.651518	291.253544	294.350149	3.09660484	0.351770293	0	11.3	181.504	0	0	3
121	24	0	2.21722266	291.18167	292.538358	291.18167	294.209011	3.02734105	0.351770293	0	11.6	183.441	0	0	3
122	25	0	2.23554681	291.112517	292.427769	291.112517	294.069174	2.95665699	0.351770293	0	11.8	185.044	0	0	3
123	25	0	2.25387097	291.046009	292.319799	291.046009	293.932019	2.88601036	0.351770293	0	12.1	186.171	0	0	3
124	25	0	2.27219512	290.982938	292.214475	290.982938	293.795505	2.81256724	0.351770293	0	12.5	186.926	0	0	3
125	25	0	2.29051927	290.923258	292.111895	290.923258	293.660864	2.73760621	0.351770293	0	12.8	186.625	0	0	3
126	25	0	2.30884343	290.866959	292.012112	290.866959	293.525689	2.65873086	0.351770293	0	13.2	184.687	0	0	3
127	26	0	2.32716758	290.813531	291.915249	290.813531	293.389728	2.57619696	0.351770293	0	13.6	182.434	0	0	3
128	26	0	2.34549174	290.762207	291.821409	290.762207	293.253515	2.49130853	0.351770293	0	14.1	180.969	0	0	3
129	26	0	2.36381589	290.713754	291.730704	290.713754	293.121175	2.407421	0.351770293	0	14.6	182.79	0	0	3
130	26	0	2.38214005	290.666001	291.643019	290.666001	292.991655	2.32565375	0.351770293	0	15.1	183.965	0	0	3
131	26	0	2.4004642	290.62118	291.558359	290.62118	292.86497	2.24379054	0.351770293	0	15.6	184.144	0	0	3
132	27	0	2.41878835	290.578016	291.476682	290.578016	292.74167	2.16365332	0.351770293	0	16.2	183.587	0	0	3
133	27	0	2.43711251	290.535661	291.397896	290.535661	292.622996	2.0873349	0.351770293	0	16.8	185.142	0	0	3
134	27	0	2.45543666	290.493925	291.321858	290.493925	292.5053	2.01137505	0.351770293	0	17.4	186.393	0	0	3
135	27	0	2.47376082	290.453838	291.248591	290.453838	292.391963	1.9381247	0.351770293	0	18.1	187.07	0	0	3
136	27	0	2.49208497	290.415465	291.178002	290.415465	292.280405	1.86493997	0.351770293	0	18.8	187.237	0	0	3
137	28	0	2.51040913	290.376977	291.110023	290.376977	292.172745	1.79576817	0.351770293	0	19.5	186.969	0	0	3
138	28	0	2.52873328	290.339928	291.044565	290.339928	292.065975	1.72604722	0.351770293	0	20.3	189.29	0	0	3
139	28	0	2.54705743	290.305397	290.981687	290.305397	291.960997	1.65559972	0.351770293	0	21.2	191.047	0	0	3
140	28	0	2.56538159	290.272939	290.921399	290.272939	291.858653	1.5857134	0.351770293	0	22.1	191.271	0	0	3
141	28	0	2.58370574	290.24309	290.863701	290.24309	291.759861	1.51677045	0.351770293	0	23.1	189.984	0	0	3
142	28	0	2.6020299	290.214084	290.808494	290.214084	291.665275	1.45119154	0.351770293	0	24.2	187.317	0	0	3
143	29	0	2.62035405	290.186882	290.755695	290.186882	291.574846	1.38796443	0.351770293	0	25.3	183.836	0	0	3
144	29	0	2.6386782	290.161275	290.70521	290.161275	291.489357	1.32808141	0.351770293	0	26.4	184.828	0	0	3
145	29	0	2.65700236	290.137504	290.656929	290.137504	291.407212	1.26970808	0.351770293	0	27.7	185.569	0	0	3
146	29	0	2.67532651	290.115059	290.610781	290.115059	291.328262	1.21320303	0.351770293	0	28.9	185.625	0	0	3
147	29	0	2.69365067	290.092515	290.566647	290.092515	291.253544	1.16102949	0.351770293	0	30.2	185.147	0	0	3
148	30	0	2.71197482	290.072938	290.524483	290.072938	291.18167	1.10873223	0.351770293	0	31.7	184.057	0	0	3
149	30	0	2.73029898	290.054082	290.484212	290.054082	291.112517	1.05843537	0.351770293	0	33.2	182.604	0	0	3
150	30	0	2.74862313	290.036206	290.445772	290.036206	291.046009	1.00980357	0.351770293	0	34.8	183.635	0	0	3
151	30	0	2.76694728	290.02066	290.409152	290.02066	290.982938	0.962277457	0.351770293	0	36.5	185.529	0	0	3
152	30	0	2.78527144	290.006072	290.374264	290.006072	290.923258	0.917185722	0.351770293	0	38.3	186.451	0	0	3
153	31	0	2.80359559	289.994483	290.341094	289.994483	290.866959	0.872475254	0.351770293	0	40.3	186.413	0	0	3
154	31	0	2.82191975	289.982514	290.309507	289.982514	290.813531	0.831016735	0.351770293	0	42.3	184.914	0	0	3
155	31	0	2.8402439	289.970856	290.279411	289.970856	290.762207	0.791350277	0.351770293	0	44.4	186.864	0	0	3
156	31	0	2.85856805	289.958287	290.2507	289.958287	290.713754	0.755466967	0.351770293	0	46.5	186.474	0	0	3
157	31	0	2.87689221	289.945958	290.223278	289.945958	290.666001	0.72004355	0.351770293	0	48.8	186.406	0	0	3
158	31	0	2.89521636	289.932567	290.197084	289.932567	290.62118	0.688613137	0.351770293	0	51	187.384	0	0	3
159	32	0	2.91354052	289.919149	290.172012	289.919149	290.578016	0.658867326	0.351770293	0	53.3	187.072	0	0	3
160	32	0	2.93186467	289.905306	290.147986	289.905306	290.535661	0.630355472	0.351770293	0	55.8	189.386	0	0	3
161	32	0	2.95018883	289.891137	290.124968	289.891137	290.493925	0.602788433	0.351770293	0	58.3	190.253	0	0	3
162	32	0	2.96851298	289.877463	290.102951	289.877463	290.453838	0.576374661	0.351770293	0	61	189.387	0	0	3
163	32	0	2.98683713	289.865686	290.081946	289.865686	290.415465	0.549779143	0.351770293	0	63.9	186.907	0	0	3
164	33	0	3.00516129	289.85361	290.061879	289.85361	290.376977	0.52336699	0.351770293	0	67.2	182.712	0	0	3
165	33	0	3.02348544	289.842058	290.042775	289.842058	290.339928	0.497869459	0.351770293	0	70.6	182.191	0	0	3
166	33	0	3.0418096	289.831703	290.024624	289.831703	290.305397	0.473694086	0.351770293	0	74.2	182.38	0	0	3
167	33	0	3.06013375	289.821678	290.007349	289.821678	290.272939	0.451261478	0.351770293	0	77.9	182.289	0	0	3
168	33	0	3.07845791	289.813295	289.990933	289.813295	290.24309	0.429795521	0.351770293	0	81.8	180.917	0	0	3
169	33	0	3.09678206	289.8062	289.97533	289.8062	290.214084	0.407883535	0.351770293	0	86.2	181.223	0	0	3
170	34	0	3.11510621	289.79919	289.960512	289.79919	290.186882	0.387692369	0.351770293	0	90.7	182.937	0	0	3
171	34	0	3.13343037	289.793304	289.946456	289.793304	290.161275	0.367971126	0.351770293	0	95.5	183.887	0	0	3
172	34	0	3.15175452	289.788165	289.93313	289.788165	290.137504	0.349339223	0.351770293	0	100	184.009	0	0	3
