Iteration	CPUTime	PhysTime	Travels	Value	AvValue	MinValue	MaxValue	Delta	Criteria	Progress	dGMaxMin	CriteriaType	CriteriaVarType	CriteriaPercentage
1	2	0	0.0136483991	101391.987	101391.987	101391.987	101391.987	0	0	0	0	15198.8	0	0	3
2	2	0	0.0272967982	101344.956	101368.472	101344.956	101391.987	23.5153143	0	0	0	30025.6	0	0	3
3	3	0	0.0409451973	101322.207	101353.05	101322.207	101391.987	38.9367636	0	0	0	22769.1	0	0	3
4	4	0	0.0545935964	101319.208	101344.59	101319.208	101391.987	47.3973361	0	0	0	15948.2	0	0	3
5	4	0	0.0682419955	101324.093	101340.49	101319.208	101391.987	51.4966714	0	0	0	9722.69	0	0	3
6	5	0	0.0818903946	101325.883	101338.056	101319.208	101391.987	53.9312024	0	0	0	8215.83	0	0	3
7	5	0	0.0955387937	101325.444	101336.254	101319.208	101391.987	55.7328968	0	0	0	7367.1	0	0	3
8	6	0	0.109187193	101325.352	101334.891	101319.208	101391.987	57.0957162	0	0	0	6374.47	0	0	3
9	6	0	0.122835592	101325.195	101333.814	101319.208	101391.987	58.1731147	0	0	0	5384.59	0	0	3
10	7	0	0.136483991	101325.254	101332.958	101319.208	101391.987	59.0290808	0	0	0	5060.31	0	0	3
11	8	0	0.15013239	101325.097	101332.243	101319.208	101391.987	59.7437233	0	0	0	5017.82	0	0	3
12	8	0	0.163780789	101324.832	101331.626	101319.208	101391.987	60.3613371	0	0	0	5003.55	0	0	3
13	9	0	0.177429188	101324.778	101331.099	101319.208	101391.987	60.8881118	0	0	0	4896.91	0	0	3
14	10	0	0.191077587	101324.697	101330.642	101319.208	101391.987	61.3453875	0	0	0	4712.29	0	0	3
15	10	0	0.204725987	101324.531	101330.234	101319.208	101391.987	61.7527792	0	0	0	4560.28	0	0	3
16	11	0	0.218374386	101324.457	101329.873	101319.208	101391.987	62.1138706	0	0	0	4437.59	0	0	3
17	11	0	0.232022785	101324.261	101329.543	101319.208	101391.987	62.4440045	0	0	0	4358.54	0	0	3
18	12	0	0.245671184	101324.211	101329.247	101319.208	101391.987	62.7402178	0	0	0	4348.34	0	0	3
19	13	0	0.259319583	101324.099	101328.976	101319.208	101391.987	63.0111554	0	0	0	4322.71	0	0	3
20	13	0	0.272967982	101323.93	101328.724	101319.208	101391.987	63.2634748	0	0	0	4296.35	0	0	3
21	14	0	0.286616381	101323.894	101328.494	101319.208	101391.987	63.4934427	0	0	0	4260.14	0	0	3
22	14	0	0.30026478	101323.741	101328.278	101319.208	101391.987	63.7094686	0	0	0	4219.65	0	0	3
23	15	0	0.313913179	101323.571	101328.073	101319.208	101391.987	63.9141059	0	0	0	4177.64	0	0	3
24	16	0	0.327561579	101323.401	101327.878	101319.208	101391.987	64.1087725	0	0	0	4096.51	0	0	3
25	16	0	0.341209978	101323.25	101327.693	101319.208	101391.987	64.2939147	0	0	0	4012.24	0	0	3
26	17	0	0.354858377	101323.08	101327.516	101319.208	101391.987	64.471362	0	0	0	3996.09	0	0	3
27	17	0	0.368506776	101322.898	101327.345	101319.208	101391.987	64.6424004	0	0	0	3977.33	0	0	3
28	18	0	0.382155175	101322.795	101327.182	101319.208	101391.987	64.80488	0	0	0	3957.93	0	0	3
29	19	0	0.395803574	101322.71	101327.028	101319.208	101391.987	64.9590829	0	0	0	3936.01	0	0	3
30	19	0	0.409451973	101322.686	101326.883	101319.208	101391.987	65.1038135	0	0	0	3913	0	0	3
31	20	0	0.423100372	101322.66	101326.747	101319.208	101391.987	65.2400492	0	0	0	3897	0	0	3
32	21	0	0.436748771	101322.668	101326.62	101319.208	101391.987	65.3675068	0	0	0	3877.02	0	0	3
33	21	0	0.45039717	101322.697	101326.501	101319.208	101391.987	65.4863802	0	0	0	3860.72	0	0	3
34	22	0	0.46404557	101322.747	101326.39	101319.208	101391.987	65.5967908	0	0	0	3840.68	0	0	3
35	22	0	0.477693969	101322.796	101326.288	101319.208	101391.987	65.6994941	0	0	0	3831.12	0	0	3
36	23	0	0.491342368	101322.836	101326.192	101319.208	101391.987	65.7953679	0	0	0	3832.25	0	0	3
37	24	0	0.504990767	101322.866	101326.102	101319.208	101391.987	65.8852479	0	0	0	3834.84	0	0	3
38	24	0	0.518639166	101322.892	101324.234	101319.208	101344.956	25.7484252	0	0	0	3837.26	0	0	3
39	25	0	0.532287565	101322.912	101323.639	101319.208	101325.883	6.67519604	0	0	0	3842.17	0	0	3
40	26	0	0.545935964	101322.933	101323.658	101319.208	101325.883	6.67519604	0	0	0	3856.79	0	0	3
41	26	0	0.559584363	101322.954	101323.759	101322.66	101325.883	3.22326294	0	0	0	3875.06	0	0	3
42	27	0	0.573232762	101322.983	101323.729	101322.66	101325.883	3.22326294	0	0	0	3888.94	0	0	3
43	28	0	0.586881162	101323.011	101323.652	101322.66	101325.444	2.78405757	0	0	0	3901.98	0	0	3
44	28	0	0.600529561	101323.021	101323.586	101322.66	101325.352	2.69166876	0	0	0	3917.24	0	0	3
45	29	0	0.61417796	101323.02	101323.523	101322.66	101325.254	2.59434516	0	0	0	3929.85	0	0	3
46	29	0	0.627826359	101323.013	101323.464	101322.66	101325.254	2.59434516	0	0	0	3940.72	0	0	3
47	30	0	0.641474758	101322.999	101323.403	101322.66	101325.097	2.43697193	0	0	0	3951.53	0	0	3
48	31	0	0.655123157	101322.987	101323.346	101322.66	101324.832	2.1720324	0	0	0	3959.55	0	0	3
49	32	0	0.668771556	101322.982	101323.296	101322.66	101324.778	2.11771282	0	0	0	3969.02	0	0	3
50	32	0	0.682419955	101322.99	101323.248	101322.66	101324.697	2.03714822	0	0	0	3977.29	0	0	3
51	33	0	0.696068354	101323.012	101323.203	101322.66	101324.531	1.8708572	0	0	0	3987.23	0	0	3
52	34	0	0.709716754	101323.037	101323.162	101322.66	101324.457	1.79688041	0	0	0	3994.06	0	0	3
53	34	0	0.723365153	101323.062	101323.124	101322.66	101324.261	1.60097217	0	0	0	4001.76	0	0	3
54	35	0	0.737013552	101323.097	101323.093	101322.66	101324.211	1.55127744	0	0	0	4006.96	0	0	3
55	36	0	0.750661951	101323.118	101323.063	101322.66	101324.099	1.4390893	0	0	0	4012.83	0	0	3
56	36	0	0.76431035	101323.137	101323.037	101322.66	101323.93	1.26957571	0	0	0	4016.69	0	0	3
57	37	0	0.777958749	101323.149	101323.016	101322.66	101323.894	1.23432091	0	0	0	4022.68	0	0	3
58	38	0	0.791607148	101323.164	101322.997	101322.66	101323.741	1.08110795	0	0	0	4024.23	0	0	3
59	38	0	0.805255547	101323.171	101322.981	101322.66	101323.571	0.910993774	0	0	0	4028.85	0	0	3
60	39	0	0.818903946	101323.182	101322.971	101322.66	101323.401	0.741015879	0	0	0	4029.65	0	0	3
61	39	0	0.832552345	101323.184	101322.965	101322.66	101323.25	0.589794509	0	0	0	4032.64	0	0	3
62	40	0	0.846200745	101323.189	101322.963	101322.66	101323.189	0.52899223	0	0	0	4032.1	0	0	3
63	41	0	0.859849144	101323.187	101322.966	101322.66	101323.189	0.52899223	0	0	0	4034.18	0	0	3
64	41	0	0.873497543	101323.188	101322.974	101322.66	101323.189	0.52899223	0	0	0	4033.81	0	0	3
65	42	0	0.887145942	101323.184	101322.984	101322.66	101323.189	0.52899223	0	0	0	4034.81	0	0	3
66	43	0	0.900794341	101323.183	101322.997	101322.66	101323.189	0.52899223	0	0	0	4033.85	0	0	3
67	43	0	0.91444274	101323.176	101323.01	101322.66	101323.189	0.52899223	0	0	0	4034.4	0	0	3
68	44	0	0.928091139	101323.173	101323.024	101322.668	101323.189	0.520563737	0	0	0	4032.91	0	0	3
69	45	0	0.941739538	101323.165	101323.038	101322.697	101323.189	0.492199905	0	0	0	4033.37	0	0	3
70	45	0	0.955387937	101323.163	101323.05	101322.747	101323.189	0.442212928	0	0	0	4031.8	0	0	3
71	46	0	0.969036337	101323.156	101323.061	101322.796	101323.189	0.393279303	0	0	0	4032.4	0	0	3
72	46	0	0.982684736	101323.156	101323.071	101322.836	101323.189	0.352821196	0	0	0	4030.58	0	0	3
73	47	0	0.996333135	101323.149	101323.08	101322.866	101323.189	0.322799644	0	0	0	4030.99	0	0	3
74	48	0	1.00998153	101323.15	101323.087	101322.892	101323.189	0.296490848	0.200255881	0	67.5	4029.58	0	0	3
75	48	0	1.02362993	101323.147	101323.094	101322.912	101323.189	0.277102808	0.200255881	0	72.2	4029.74	0	0	3
76	49	0	1.03727833	101323.15	101323.101	101322.933	101323.189	0.256360029	0.200255881	0	78.1	4028.2	0	0	3
77	49	0	1.05092673	101323.148	101323.106	101322.954	101323.189	0.234690998	0.200255881	0	85.3	4028.77	0	0	3
78	50	0	1.06457513	101323.152	101323.112	101322.982	101323.189	0.206618588	0.200255881	0	96.9	4027.36	0	0	3
79	51	0	1.07822353	101323.152	101323.116	101322.982	101323.189	0.206618588	0.200255881	0	96.9	4027.8	0	0	3
80	51	0	1.09187193	101323.157	101323.12	101322.982	101323.189	0.206618588	0.200255881	0	96.9	4026.26	0	0	3
81	52	0	1.10552033	101323.158	101323.124	101322.982	101323.189	0.206618588	0.200255881	0	96.9	4026.86	0	0	3
82	53	0	1.11916873	101323.165	101323.128	101322.982	101323.189	0.206618588	0.200255881	0	96.9	4025.52	0	0	3
83	53	0	1.13281713	101323.166	101323.132	101322.982	101323.189	0.206618588	0.200255881	0	96.9	4026.13	0	0	3
84	54	0	1.14646552	101323.173	101323.137	101322.982	101323.189	0.206618588	0.200255881	0	96.9	4024.84	0	0	3
85	55	0	1.16011392	101323.174	101323.142	101322.982	101323.189	0.206618588	0.200255881	0	96.9	4025.65	0	0	3
86	55	0	1.17376232	101323.18	101323.147	101322.99	101323.189	0.199057081	0.200255881	0	100	4024.55	0	0	3
87	56	0	1.18741072	101323.181	101323.152	101323.012	101323.189	0.177100732	0.200255881	0	100	4025.61	0	0	3
88	56	0	1.20105912	101323.186	101323.157	101323.037	101323.189	0.152361339	0.200255881	0	100	4024.84	0	0	3
89	57	0	1.21470752	101323.185	101323.161	101323.062	101323.189	0.12676777	0.200255881	0	100	4026.01	0	0	3
90	58	0	1.22835592	101323.189	101323.164	101323.097	101323.189	0.0928574353	0.200255881	0	100	4025.52	0	0	3
91	58	0	1.24200432	101323.188	101323.167	101323.118	101323.189	0.0716733483	0.200255881	0	100	4026.44	0	0	3
92	59	0	1.25565272	101323.192	101323.169	101323.137	101323.192	0.0543986298	0.200255881	0	100	4025.96	0	0	3
93	60	0	1.26930112	101323.19	101323.17	101323.147	101323.192	0.0447360585	0.200255881	0	100	4027.17	0	0	3
94	60	0	1.28294952	101323.193	101323.172	101323.147	101323.193	0.045702172	0.200255881	0	100	4026.81	0	0	3
95	61	0	1.29659792	101323.19	101323.172	101323.147	101323.193	0.045702172	0.200255881	0	100	4028.14	0	0	3
96	61	0	1.31024631	101323.192	101323.173	101323.147	101323.193	0.045702172	0.200255881	0	100	4027.58	0	0	3
97	62	0	1.32389471	101323.188	101323.173	101323.147	101323.193	0.045702172	0.200255881	0	100	4028.7	0	0	3
98	63	0	1.33754311	101323.19	101323.173	101323.147	101323.193	0.045702172	0.200255881	0	100	4028.32	0	0	3
99	63	0	1.35119151	101323.185	101323.173	101323.147	101323.193	0.045702172	0.200255881	0	100	4029.58	0	0	3
100	64	0	1.36483991	101323.186	101323.173	101323.147	101323.193	0.045702172	0.200255881	0	100	4029.12	0	0	3
101	65	0	1.37848831	101323.181	101323.173	101323.147	101323.193	0.045702172	0.200255881	0	100	4030.17	0	0	3
102	66	0	1.39213671	101323.181	101323.173	101323.147	101323.193	0.045702172	0.200255881	0	100	4029.57	0	0	3
103	66	0	1.40578511	101323.175	101323.173	101323.147	101323.193	0.045702172	0.200255881	0	100	4030.83	0	0	3
