Iteration	CPUTime	PhysTime	Travels	Value	AvValue	MinValue	MaxValue	Delta	Criteria	Progress	dGMaxMin	CriteriaType	CriteriaVarType	CriteriaPercentage
1	7	0	0.0107104802	293.1985	293.1985	293.1985	293.1985	0	0	0	0	47.8308	0	0	3
2	8	0	0.0214209603	293.199201	293.198851	293.1985	293.199201	0.000350735428	0	0	0	49.9942	0	0	3
3	9	0	0.0321314405	293.200231	293.199311	293.1985	293.200231	0.000810857042	0	0	0	49.9923	0	0	3
4	11	0	0.0428419206	293.201693	293.199906	293.1985	293.201693	0.00140628681	0	0	0	48.6561	0	0	3
5	12	0	0.0535524008	293.203589	293.200643	293.1985	293.203589	0.00214279666	0	0	0	45.9212	0	0	3
6	14	0	0.0642628809	293.207541	293.201792	293.1985	293.207541	0.00329252845	0	0	0	46.5525	0	0	3
7	15	0	0.0749733611	293.212786	293.203363	293.1985	293.212786	0.00486296751	0	0	0	47.0886	0	0	3
8	16	0	0.0856838412	293.21816	293.205213	293.1985	293.21816	0.00671261406	0	0	0	47.1582	0	0	3
9	18	0	0.0963943214	293.223296	293.207222	293.1985	293.223296	0.0087218916	0	0	0	48.0533	0	0	3
10	19	0	0.107104802	293.228272	293.209327	293.1985	293.228272	0.0108268896	0	0	0	49.5967	0	0	3
11	20	0	0.117815282	293.236483	293.211796	293.1985	293.236483	0.0132956552	0	0	0	52.811	0	0	3
12	22	0	0.128525762	293.244676	293.214536	293.1985	293.244676	0.016035662	0	0	0	54.2318	0	0	3
13	23	0	0.139236242	293.252964	293.217492	293.1985	293.252964	0.0189916877	0	0	0	55.8205	0	0	3
14	24	0	0.149946722	293.261262	293.220618	293.1985	293.261262	0.0221181548	0	0	0	56.9557	0	0	3
15	26	0	0.160657202	293.269484	293.223876	293.1985	293.269484	0.0253758519	0	0	0	57.7115	0	0	3
16	27	0	0.171367682	293.282115	293.227516	293.1985	293.282115	0.0290157882	0	0	0	58.9248	0	0	3
17	28	0	0.182078163	293.292953	293.231365	293.1985	293.292953	0.0328650521	0	0	0	59.62	0	0	3
18	30	0	0.192788643	293.301304	293.23525	293.1985	293.301304	0.0367505583	0	0	0	60.1537	0	0	3
19	31	0	0.203499123	293.307059	293.23903	293.1985	293.307059	0.040529944	0	0	0	60.6973	0	0	3
20	32	0	0.214209603	293.310603	293.242609	293.1985	293.310603	0.0441085933	0	0	0	61.3007	0	0	3
21	34	0	0.224920083	293.31132	293.24588	293.1985	293.31132	0.0473805464	0	0	0	61.5879	0	0	3
22	35	0	0.235630563	293.313294	293.248945	293.1985	293.313294	0.0504448055	0	0	0	61.6505	0	0	3
23	37	0	0.246341043	293.319366	293.252007	293.1985	293.319366	0.0535066098	0	0	0	61.5164	0	0	3
24	38	0	0.257051524	293.328891	293.25521	293.1985	293.328891	0.05671013	0	0	0	61.4008	0	0	3
25	39	0	0.267762004	293.341624	293.258667	293.1985	293.341624	0.0601666866	0	0	0	61.3228	0	0	3
26	41	0	0.278472484	293.37138	293.263002	293.1985	293.37138	0.0645018024	0	0	0	62.8019	0	0	3
27	42	0	0.289182964	293.405923	293.268295	293.1985	293.405923	0.0697951939	0	0	0	63.0417	0	0	3
28	43	0	0.299893444	293.441724	293.274489	293.1985	293.441724	0.0759890711	0	0	0	63.2042	0	0	3
29	45	0	0.310603924	293.47617	293.281444	293.1985	293.47617	0.0829435953	0	0	0	63.3078	0	0	3
30	46	0	0.321314405	293.50625	293.288937	293.1985	293.50625	0.0904371403	0	0	0	63.4661	0	0	3
31	47	0	0.332024885	293.537036	293.29694	293.1985	293.537036	0.0984403254	0	0	0	63.9461	0	0	3
32	49	0	0.342735365	293.549858	293.304844	293.1985	293.549858	0.106344004	0	0	0	63.8344	0	0	3
33	50	0	0.353445845	293.552542	293.31235	293.1985	293.552542	0.113850017	0	0	0	63.7068	0	0	3
34	51	0	0.364156325	293.55266	293.319418	293.1985	293.55266	0.120917948	0	0	0	63.55	0	0	3
35	53	0	0.374866805	293.556079	293.32618	293.1985	293.556079	0.127679705	0	0	0	63.079	0	0	3
36	54	0	0.385577285	293.568488	293.33291	293.1985	293.568488	0.134410496	0	0	0	62.5336	0	0	3
37	56	0	0.396287766	293.588897	293.339829	293.1985	293.588897	0.141329053	0	0	0	62.1282	0	0	3
38	57	0	0.406998246	293.612102	293.346994	293.1985	293.612102	0.148494145	0	0	0	61.7327	0	0	3
39	58	0	0.417708726	293.635658	293.354396	293.1985	293.635658	0.155895784	0	0	0	61.3689	0	0	3
40	60	0	0.428419206	293.656972	293.36196	293.1985	293.656972	0.163460183	0	0	0	61.0218	0	0	3
41	61	0	0.439129686	293.682753	293.369784	293.1985	293.682753	0.171284395	0	0	0	60.6095	0	0	3
42	63	0	0.449840166	293.705111	293.377768	293.1985	293.705111	0.179268362	0	0	0	60.3468	0	0	3
43	64	0	0.460550647	293.725998	293.385867	293.1985	293.725998	0.187366738	0	0	0	60.0982	0	0	3
44	66	0	0.471261127	293.746451	293.394062	293.1985	293.746451	0.195561836	0	0	0	59.881	0	0	3
45	67	0	0.481971607	293.767586	293.402362	293.1985	293.767586	0.203862376	0	0	0	59.6958	0	0	3
46	69	0	0.492682087	293.789313	293.410774	293.1985	293.789313	0.212274338	0	0	0	59.2836	0	0	3
47	70	0	0.503392567	293.811439	293.419299	293.1985	293.811439	0.220799126	0	0	0	59.168	0	0	3
48	72	0	0.514103047	293.833636	293.432813	293.199201	293.833636	0.233961918	0	0	0	59.012	0	0	3
49	73	0	0.524813527	293.855566	293.446778	293.200231	293.855566	0.247467008	0	0	0	58.8769	0	0	3
50	74	0	0.535524008	293.876747	293.461172	293.201693	293.876747	0.261265535	0	0	0	58.7644	0	0	3
51	76	0	0.546234488	293.897137	293.475968	293.203589	293.897137	0.275325709	0	0	0	58.6959	0	0	3
52	77	0	0.556944968	293.916191	293.49113	293.207541	293.916191	0.289337726	0	0	0	58.6185	0	0	3
53	78	0	0.567655448	293.934037	293.506588	293.212786	293.934037	0.303224649	0	0	0	58.5692	0	0	3
54	80	0	0.578365928	293.950255	293.522278	293.21816	293.950255	0.31706584	0	0	0	58.5245	0	0	3
55	81	0	0.589076408	293.965114	293.538171	293.223296	293.965114	0.330949193	0	0	0	58.5026	0	0	3
56	83	0	0.599786888	293.978045	293.554229	293.228272	293.978045	0.344902676	0	0	0	58.4787	0	0	3
57	84	0	0.610497369	293.989544	293.570427	293.236483	293.989544	0.358631193	0	0	0	58.4973	0	0	3
58	85	0	0.621207849	293.99938	293.586659	293.244676	293.99938	0.372123034	0	0	0	58.5217	0	0	3
59	87	0	0.631918329	294.00776	293.602894	293.252964	294.00776	0.38540284	0	0	0	58.5637	0	0	3
60	88	0	0.642628809	294.014432	293.619096	293.261262	294.014432	0.398477831	0	0	0	58.5873	0	0	3
61	89	0	0.653339289	294.019182	293.635222	293.269484	294.019182	0.411346086	0	0	0	58.6046	0	0	3
62	91	0	0.664049769	294.022153	293.651236	293.282115	294.022153	0.423720396	0	0	0	58.6571	0	0	3
63	92	0	0.67476025	294.023651	293.667013	293.292953	294.023651	0.435648505	0	0	0	58.7001	0	0	3
64	93	0	0.68547073	294.023356	293.682554	293.301304	294.023651	0.447303475	0	0	0	58.7404	0	0	3
65	95	0	0.69618121	294.021643	293.69788	293.307059	294.023651	0.45885044	0	0	0	58.7761	0	0	3
66	96	0	0.70689169	294.018039	293.713008	293.310603	294.023651	0.470399038	0	0	0	58.8017	0	0	3
67	97	0	0.71760217	294.013281	293.727958	293.31132	294.023651	0.482077688	0	0	0	58.8362	0	0	3
68	99	0	0.72831265	294.007372	293.742768	293.313294	294.023651	0.493823046	0	0	0	58.8675	0	0	3
69	100	0	0.73902313	294.000757	293.757395	293.319366	294.023651	0.505388105	0	0	0	58.8961	0	0	3
70	101	0	0.749733611	293.993369	293.771735	293.328891	294.023651	0.51652508	0	0	0	58.9254	0	0	3
71	103	0	0.760444091	293.985745	293.785711	293.341624	294.023651	0.527044147	0	0	0	58.9481	0	0	3
72	104	0	0.771154571	293.977873	293.799248	293.37138	294.023651	0.536246241	0	0	0	58.9653	0	0	3
73	106	0	0.781865051	293.970285	293.811991	293.405923	294.023651	0.54369552	0	0	0	58.9905	0	0	3
74	107	0	0.792575531	293.962908	293.823841	293.441724	294.023651	0.549352387	0	0	0	59.0038	0	0	3
75	108	0	0.803286011	293.95608	293.834785	293.47617	294.023651	0.54748111	0	0	0	59.0162	0	0	3
76	109	0	0.813996492	293.949762	293.844862	293.50625	294.023651	0.517401437	0	0	0	59.0161	0	0	3
77	111	0	0.824706972	293.944123	293.854178	293.537036	294.023651	0.486615503	0	0	0	59.0317	0	0	3
78	112	0	0.835417452	293.938972	293.86273	293.549858	294.023651	0.473793333	0	0	0	59.0456	0	0	3
79	113	0	0.846127932	293.934579	293.870915	293.552542	294.023651	0.471108966	0	0	0	59.0623	0	0	3
80	115	0	0.856838412	293.930645	293.87896	293.55266	294.023651	0.470991693	0	0	0	59.0727	0	0	3
81	116	0	0.867548892	293.927535	293.886936	293.556079	294.023651	0.467571945	0	0	0	59.0663	0	0	3
82	117	0	0.878259372	293.924722	293.89478	293.568488	294.023651	0.455163197	0	0	0	59.0542	0	0	3
83	118	0	0.888969853	293.922401	293.90231	293.588897	294.023651	0.434754297	0	0	0	59.0458	0	0	3
84	120	0	0.899680333	293.920337	293.909362	293.612102	294.023651	0.411548812	0	0	0	59.0744	0	0	3
85	121	0	0.910390813	293.918714	293.915885	293.635658	294.023651	0.387993344	0	0	0	59.0732	0	0	3
86	123	0	0.921101293	293.917181	293.921875	293.656972	294.023651	0.366679616	0	0	0	59.0848	0	0	3
87	124	0	0.931811773	293.916089	293.927388	293.682753	294.023651	0.34089851	0	0	0	59.0698	0	0	3
88	125	0	0.942522253	293.915144	293.932333	293.705111	294.023651	0.318540362	0	0	0	59.0592	0	0	3
89	127	0	0.953232733	293.914514	293.936788	293.725998	294.023651	0.297652849	0	0	0	59.0483	0	0	3
90	128	0	0.963943214	293.913959	293.940787	293.746451	294.023651	0.277200334	0	0	0	59.0484	0	0	3
91	129	0	0.974653694	293.913609	293.944344	293.767586	294.023651	0.256065275	0	0	0	59.0414	0	0	3
92	131	0	0.985364174	293.913306	293.947444	293.789313	294.023651	0.234338742	0	0	0	59.0424	0	0	3
93	132	0	0.996074654	293.913244	293.950081	293.811439	294.023651	0.212212025	0	0	0	59.0335	0	0	3
94	134	0	1.00678513	293.913172	293.952246	293.833636	294.023651	0.190015558	0.0247026085	0	0	59.0291	0	0	3
95	135	0	1.01749561	293.913291	293.95394	293.855566	294.023651	0.168084967	0.0247026085	0	0	59.0276	0	0	3
96	137	0	1.02820609	293.913385	293.955171	293.876747	294.023651	0.146904331	0.0247026085	0	0	59.0243	0	0	3
97	138	0	1.03891657	293.913588	293.955955	293.897137	294.023651	0.126514667	0.0247026085	0	0	59.0228	0	0	3
98	140	0	1.04962705	293.913716	293.956307	293.913172	294.023651	0.110479791	0.0247026085	0	0	59.0304	0	0	3
99	141	0	1.06033753	293.913994	293.95626	293.913172	294.023651	0.110479791	0.0247026085	0	0	59.0284	0	0	3
