Iteration	CPUTime	PhysTime	Travels	Value	AvValue	MinValue	MaxValue	Delta	Criteria	Progress	dGMaxMin	CriteriaType	CriteriaVarType	CriteriaPercentage
1	6	0	0.0107787885	101325.993	101325.993	101325.993	101325.993	0	0	0	0	16318.6	0	0	3
2	7	0	0.0215575771	101326.492	101326.243	101325.993	101326.492	0.249540733	0	0	0	33579.6	0	0	3
3	9	0	0.0323363656	101326.512	101326.332	101325.993	101326.512	0.339194948	0	0	0	49879	0	0	3
4	10	0	0.0431151542	101326.148	101326.286	101325.993	101326.512	0.339194948	0	0	0	69074.2	0	0	3
5	11	0	0.0538939427	101325.62	101326.153	101325.62	101326.512	0.339194948	0	0	0	87176.8	0	0	3
6	13	0	0.0646727312	101326.275	101326.173	101325.62	101326.512	0.339194948	0	0	0	104074	0	0	3
7	14	0	0.0754515198	101328.909	101326.564	101325.62	101328.909	0.571013725	0	0	0	108248	0	0	3
8	16	0	0.0862303083	101333.168	101327.39	101325.62	101333.168	1.39654931	0	0	0	101142	0	0	3
9	17	0	0.0970090969	101337.874	101328.555	101325.62	101337.874	2.56151465	0	0	0	90632.7	0	0	3
10	18	0	0.107787885	101342.243	101329.924	101325.62	101342.243	3.93037874	0	0	0	80897.7	0	0	3
11	20	0	0.118566674	101347.086	101331.484	101325.62	101347.086	5.49061603	0	0	0	69647.3	0	0	3
12	21	0	0.129345462	101350.591	101333.076	101325.62	101350.591	7.08291204	0	0	0	61540.7	0	0	3
13	22	0	0.140124251	101353.054	101334.613	101325.62	101353.054	8.61970547	0	0	0	57971	0	0	3
14	23	0	0.15090304	101355.562	101336.109	101325.62	101355.562	10.116083	0	0	0	56903.5	0	0	3
15	25	0	0.161681828	101358.499	101337.602	101325.62	101358.499	11.608748	0	0	0	55934.1	0	0	3
16	26	0	0.172460617	101364.295	101339.27	101325.62	101364.295	13.2770832	0	0	0	54963.8	0	0	3
17	27	0	0.183239405	101368.335	101340.98	101325.62	101368.335	14.9867658	0	0	0	54205.9	0	0	3
18	29	0	0.194018194	101366.879	101342.419	101325.62	101368.335	16.4255963	0	0	0	53965.6	0	0	3
19	30	0	0.204796982	101357.357	101343.205	101325.62	101368.335	17.2118213	0	0	0	53417.6	0	0	3
20	31	0	0.215575771	101339.391	101343.014	101325.62	101368.335	17.2118213	0	0	0	53099.8	0	0	3
21	33	0	0.226354559	101299.363	101340.936	101299.363	101368.335	17.2118213	0	0	0	52529.2	0	0	3
22	34	0	0.237133348	101257.56	101337.146	101257.56	101368.335	17.2118213	0	0	0	52121.1	0	0	3
23	35	0	0.247912136	101223.309	101332.196	101223.309	101368.335	17.2118213	0	0	0	51535.1	0	0	3
24	37	0	0.258690925	101201.68	101326.758	101201.68	101368.335	17.2118213	0	0	0	51825.7	0	0	3
25	38	0	0.269469714	101193.895	101321.444	101193.895	101368.335	21.7612542	0	0	0	51860	0	0	3
26	40	0	0.280248502	101203.208	101316.896	101193.895	101368.335	26.3087664	0	0	0	51786.9	0	0	3
27	41	0	0.291027291	101231.595	101313.737	101193.895	101368.335	29.4680769	0	0	0	51890.5	0	0	3
28	42	0	0.301806079	101274.38	101312.331	101193.895	101368.335	30.8736699	0	0	0	52201.8	0	0	3
29	44	0	0.312584868	101322.39	101312.678	101193.895	101368.335	30.8736699	0	0	0	52257	0	0	3
30	45	0	0.323363656	101366.63	101314.477	101193.895	101368.335	30.8736699	0	0	0	52377.8	0	0	3
31	47	0	0.334142445	101404.126	101317.368	101193.895	101404.126	30.8736699	0	0	0	52261.3	0	0	3
32	48	0	0.344921233	101410.123	101320.267	101193.895	101410.123	30.8736699	0	0	0	52136.7	0	0	3
33	49	0	0.355700022	101392.44	101322.454	101193.895	101410.123	30.8736699	0	0	0	51964.3	0	0	3
34	51	0	0.36647881	101365.29	101323.714	101193.895	101410.123	30.8736699	0	0	0	51853.3	0	0	3
35	52	0	0.377257599	101339.24	101324.158	101193.895	101410.123	30.8736699	0	0	0	51673.2	0	0	3
36	53	0	0.388036387	101319.085	101324.017	101193.895	101410.123	30.8736699	0	0	0	51581.3	0	0	3
37	55	0	0.398815176	101313.089	101323.721	101193.895	101410.123	30.8736699	0	0	0	51459.4	0	0	3
38	56	0	0.409593965	101315.091	101323.494	101193.895	101410.123	30.8736699	0	0	0	51393.2	0	0	3
39	57	0	0.420372753	101319.709	101323.397	101193.895	101410.123	30.8736699	0	0	0	51276.8	0	0	3
40	59	0	0.431151542	101323.669	101323.404	101193.895	101410.123	30.8736699	0	0	0	51193.9	0	0	3
41	60	0	0.44193033	101326.084	101323.469	101193.895	101410.123	30.8736699	0	0	0	51137.5	0	0	3
42	62	0	0.452709119	101325.789	101323.525	101193.895	101410.123	30.8736699	0	0	0	51127.6	0	0	3
43	63	0	0.463487907	101324.5	101323.547	101193.895	101410.123	30.8736699	0	0	0	51060.8	0	0	3
44	64	0	0.474266696	101322.942	101323.533	101193.895	101410.123	30.8736699	0	0	0	51040.4	0	0	3
45	66	0	0.485045484	101321.468	101323.488	101193.895	101410.123	30.8736699	0	0	0	51024.7	0	0	3
46	67	0	0.495824273	101320.229	101323.417	101193.895	101410.123	30.8736699	0	0	0	51000	0	0	3
47	68	0	0.506603061	101319.36	101323.33	101193.895	101410.123	30.8736699	0	0	0	50945.2	0	0	3
48	70	0	0.51738185	101318.86	101323.179	101193.895	101410.123	30.8736699	0	0	0	50936.4	0	0	3
49	71	0	0.528160638	101318.706	101323.013	101193.895	101410.123	30.8736699	0	0	0	50874.6	0	0	3
50	72	0	0.538939427	101318.814	101322.849	101193.895	101410.123	30.8736699	0	0	0	50861.7	0	0	3
51	74	0	0.549718216	101319.141	101322.7	101193.895	101410.123	30.8736699	0	0	0	50836.9	0	0	3
52	75	0	0.560497004	101319.615	101322.572	101193.895	101410.123	30.8736699	0	0	0	50843.7	0	0	3
53	76	0	0.571275793	101320.182	101322.443	101193.895	101410.123	30.8736699	0	0	0	50866.6	0	0	3
54	78	0	0.582054581	101320.818	101322.271	101193.895	101410.123	30.8736699	0	0	0	50935.5	0	0	3
55	79	0	0.59283337	101321.494	101322.022	101193.895	101410.123	30.8736699	0	0	0	50994	0	0	3
56	80	0	0.603612158	101322.189	101321.688	101193.895	101410.123	30.8736699	0	0	0	51013.9	0	0	3
57	81	0	0.614390947	101322.86	101321.276	101193.895	101410.123	30.8736699	0	0	0	50962.9	0	0	3
58	83	0	0.625169735	101323.455	101320.773	101193.895	101410.123	30.8736699	0	0	0	50914	0	0	3
59	84	0	0.635948524	101323.984	101320.207	101193.895	101410.123	30.8736699	0	0	0	50827.8	0	0	3
60	85	0	0.646727312	101324.417	101319.598	101193.895	101410.123	30.8736699	0	0	0	50792.2	0	0	3
61	87	0	0.657506101	101324.725	101318.942	101193.895	101410.123	30.8736699	0	0	0	50748.5	0	0	3
62	88	0	0.66828489	101324.934	101318.228	101193.895	101410.123	30.8736699	0	0	0	50752.9	0	0	3
63	89	0	0.679063678	101325.025	101317.392	101193.895	101410.123	30.8736699	0	0	0	50787.9	0	0	3
64	90	0	0.689842467	101325.072	101316.472	101193.895	101410.123	30.8736699	0	0	0	50919	0	0	3
65	92	0	0.700621255	101325.051	101315.582	101193.895	101410.123	30.8736699	0	0	0	51001.8	0	0	3
66	93	0	0.711400044	101324.993	101314.893	101193.895	101410.123	30.6829879	0	0	0	51068.7	0	0	3
67	94	0	0.722178832	101324.893	101314.585	101193.895	101410.123	28.6043435	0	0	0	51107.7	0	0	3
68	95	0	0.732957621	101324.771	101315.125	101193.895	101410.123	24.8145282	0	0	0	51143.2	0	0	3
69	97	0	0.743736409	101324.633	101316.552	101193.895	101410.123	19.8651091	0	0	0	51104.1	0	0	3
70	98	0	0.754515198	101324.505	101318.705	101193.895	101410.123	14.4269453	0	0	0	51086.5	0	0	3
71	99	0	0.765293986	101324.388	101321.316	101193.895	101410.123	11.8262757	0	0	0	51051.9	0	0	3
72	100	0	0.776072775	101324.292	101324.09	101203.208	101410.123	11.8262757	0	0	0	51041.2	0	0	3
73	102	0	0.786851563	101324.214	101326.665	101231.595	101410.123	14.333768	0	0	0	50979.3	0	0	3
74	103	0	0.797630352	101324.168	101328.635	101274.38	101410.123	16.3034187	0	0	0	50958.5	0	0	3
75	104	0	0.808409141	101324.155	101329.694	101313.089	101410.123	17.0155833	0	0	0	50881.2	0	0	3
76	106	0	0.819187929	101324.185	101329.732	101313.089	101410.123	15.2553547	0	0	0	50882	0	0	3
77	107	0	0.829966718	101324.229	101328.83	101313.089	101410.123	15.147414	0	0	0	50844	0	0	3
78	108	0	0.840745506	101324.292	101327.131	101313.089	101410.123	15.147414	0	0	0	50877	0	0	3
79	109	0	0.851524295	101324.367	101325.307	101313.089	101392.44	15.147414	0	0	0	50871.3	0	0	3
80	110	0	0.862303083	101324.451	101323.86	101313.089	101365.29	15.147414	0	0	0	50915.5	0	0	3
81	112	0	0.873081872	101324.532	101322.993	101313.089	101339.24	15.147414	0	0	0	50901	0	0	3
82	113	0	0.88386066	101324.611	101322.682	101313.089	101326.084	12.9955302	0	0	0	50926	0	0	3
83	114	0	0.894639449	101324.675	101322.801	101313.089	101326.084	12.9955302	0	0	0	50918.7	0	0	3
84	115	0	0.905418237	101324.719	101323.048	101315.091	101326.084	10.9932227	0	0	0	50923.4	0	0	3
85	116	0	0.916197026	101324.75	101323.253	101318.706	101326.084	7.37838037	0	0	0	50974	0	0	3
86	118	0	0.926975814	101324.775	101323.361	101318.706	101326.084	7.37838037	0	0	0	51067.4	0	0	3
87	119	0	0.937754603	101324.795	101323.385	101318.706	101326.084	7.37838037	0	0	0	51081.3	0	0	3
88	120	0	0.948533392	101324.816	101323.358	101318.706	101325.789	7.08372288	0	0	0	51094.9	0	0	3
89	121	0	0.95931218	101324.828	101323.338	101318.706	101325.072	6.36597017	0	0	0	51056.7	0	0	3
90	122	0	0.970090969	101324.841	101323.345	101318.706	101325.072	6.36597017	0	0	0	51023	0	0	3
91	124	0	0.980869757	101324.845	101323.386	101318.706	101325.072	6.36597017	0	0	0	50956.9	0	0	3
92	125	0	0.991648546	101324.855	101323.458	101318.706	101325.072	6.36597017	0	0	0	50945.9	0	0	3
93	127	0	1.00242733	101324.857	101323.556	101318.706	101325.072	6.36597017	6.4868265	0	0	50911.5	0	0	3
