Iteration	CPUTime	PhysTime	Travels	Value	AvValue	MinValue	MaxValue	Delta	Criteria	Progress	dGMaxMin	CriteriaType	CriteriaVarType	CriteriaPercentage
1	1	0	0.025	56.8120409	56.8120409	56.8120409	56.8120409	0	0	0	0	0	0	0	3
2	1	0	0.05	41.0433196	48.9276803	41.0433196	56.8120409	7.88436069	0	0	0	0	0	0	3
3	2	0	0.075	35.3101667	44.3885091	35.3101667	56.8120409	12.4235319	0	0	0	0	0	0	3
4	2	0	0.1	30.9986204	41.0410369	30.9986204	56.8120409	15.7710041	0	0	0	0	0	0	3
5	2	0	0.125	19.4740246	36.7276344	19.4740246	56.8120409	20.0844065	0	0	0	0	0	0	3
6	2	0	0.15	7.37531824	31.8355817	7.37531824	56.8120409	24.9764592	0	0	0	0	0	0	3
7	2	0	0.175	-2.00842092	27.0007242	-2.00842092	56.8120409	29.8113167	0	0	0	0	0	0	3
8	3	0	0.2	-2.76835593	23.2795892	-2.76835593	56.8120409	33.5324517	0	0	0	0	0	0	3
9	3	0	0.225	-12.3511842	19.3206144	-12.3511842	56.8120409	37.4914266	0	0	0	0	0	0	3
10	3	0	0.25	-8.7738295	16.51117	-12.3511842	56.8120409	40.300871	0	0	0	0	0	0	3
11	3	0	0.275	-5.71300061	14.4907908	-12.3511842	56.8120409	42.3212501	0	0	0	0	0	0	3
12	3	0	0.3	-3.24601841	13.0127234	-12.3511842	56.8120409	43.7993175	0	0	0	0	0	0	3
13	3	0	0.325	-3.91194168	11.7108261	-12.3511842	56.8120409	45.1012149	0	0	0	0	0	0	3
14	4	0	0.35	-0.00500111204	10.8739813	-12.3511842	56.8120409	45.9380597	0	0	0	0	0	0	3
15	4	0	0.375	-4.56198403	9.84491694	-12.3511842	56.8120409	46.967124	0	0	0	0	0	0	3
16	4	0	0.4	1.70653835	9.33626828	-12.3511842	56.8120409	47.4757727	0	0	0	0	0	0	3
17	4	0	0.425	1.50539967	8.87562895	-12.3511842	56.8120409	47.936412	0	0	0	0	0	0	3
18	4	0	0.45	6.96294409	8.76936868	-12.3511842	56.8120409	48.0426723	0	0	0	0	0	0	3
19	4	0	0.475	2.78977992	8.45465348	-12.3511842	56.8120409	48.3573875	0	0	0	0	0	0	3
20	5	0	0.5	8.39857656	8.45184963	-12.3511842	56.8120409	48.3601913	0	0	0	0	0	0	3
21	5	0	0.525	9.59362891	6.09092903	-12.3511842	41.0433196	42.8367512	0	0	0	0	0	0	3
22	5	0	0.55	14.8639802	4.78196206	-12.3511842	35.3101667	39.606547	0	0	0	0	0	0	3
23	5	0	0.575	10.6572991	3.54931868	-12.3511842	30.9986204	37.4917182	0	0	0	0	0	0	3
24	5	0	0.6	16.3462316	2.81669924	-12.3511842	19.4740246	31.8252088	0	0	0	0	0	0	3
25	6	0	0.625	13.1391382	2.49995492	-12.3511842	16.3462316	28.6974157	0	0	0	0	0	0	3
26	6	0	0.65	17.3577067	2.99907434	-12.3511842	17.3577067	24.5007693	0	0	0	0	0	0	3
27	6	0	0.675	14.2935757	3.81417418	-12.3511842	17.3577067	20.7796343	0	0	0	0	0	0	3
28	6	0	0.7	16.5760692	4.78139543	-12.3511842	17.3577067	16.8206595	0	0	0	0	0	0	3
29	6	0	0.725	14.4529447	6.12160188	-8.7738295	17.3577067	14.0112151	0	0	0	0	0	0	3
30	6	0	0.75	13.137809	7.2171838	-5.71300061	17.3577067	11.9908359	0	0	0	0	0	0	3
31	7	0	0.775	13.2432314	8.1649954	-4.56198403	17.3577067	10.5127685	0	0	0	0	0	0	3
32	7	0	0.8	14.4172423	9.04815844	-4.56198403	17.3577067	9.21087117	0	0	0	0	0	0	3
33	7	0	0.825	14.5415875	9.9708349	-4.56198403	17.3577067	8.37402637	0	0	0	0	0	0	3
34	7	0	0.85	14.2628931	10.6842296	-4.56198403	17.3577067	8.18427469	0	0	0	0	0	0	3
35	7	0	0.875	14.2919775	11.6269277	1.50539967	17.3577067	9.12697276	0	0	0	0	0	0	3
36	8	0	0.9	15.3953957	12.3113705	1.50539967	17.3577067	9.81141563	0	0	0	0	0	0	3
37	8	0	0.925	16.6242374	13.0673124	2.78977992	17.3577067	10.5673575	0	0	0	0	0	0	3
38	8	0	0.95	17.0088481	13.5696076	2.78977992	17.3577067	11.0696527	0	0	0	0	0	0	3
39	8	0	0.975	18.7490227	14.3675698	8.39857656	18.7490227	10.3504462	0	0	0	0	0	0	3
40	8	0	1	18.0958227	14.8524321	9.59362891	18.7490227	9.1553938	1.42984053	0	15.6	0	0	0	3
41	8	0	1.025	17.5061216	15.2480567	10.6572991	18.7490227	8.09172362	1.42984053	0	17.6	0	0	0	3
42	9	0	1.05	18.8001949	15.4448675	10.6572991	18.8001949	8.14289581	1.42984053	0	17.5	0	0	0	3
43	9	0	1.075	18.4122789	15.8326164	13.137809	18.8001949	5.66238595	1.42984053	0	25.2	0	0	0	3
44	9	0	1.1	19.2340301	15.9945885	13.137809	19.2340301	6.09622114	1.42984053	0	23.4	0	0	0	3
45	9	0	1.125	16.4802002	16.000968	13.137809	19.2340301	6.09622114	1.42984053	0	23.4	0	0	0	3
46	9	0	1.15	18.4827605	16.2554262	13.137809	19.2340301	6.09622114	1.42984053	0	23.4	0	0	0	3
47	10	0	1.175	19.2774728	16.3468436	13.137809	19.2774728	6.13966384	1.42984053	0	23.2	0	0	0	3
48	10	0	1.2	21.3280462	16.6818184	13.137809	21.3280462	8.19023725	1.42984053	0	17.4	0	0	0	3
49	10	0	1.225	20.4730634	16.8673895	13.137809	21.3280462	8.19023725	1.42984053	0	17.4	0	0	0	3
50	10	0	1.25	20.9195057	17.175321	13.137809	21.3280462	8.19023725	1.42984053	0	17.4	0	0	0	3
51	10	0	1.275	19.0780533	17.4581898	13.2432314	21.3280462	8.08481477	1.42984053	0	17.6	0	0	0	3
52	11	0	1.3	21.2041955	17.8372833	14.2628931	21.3280462	7.06515312	1.42984053	0	20.2	0	0	0	3
53	11	0	1.325	21.8166372	18.1896355	14.2628931	21.8166372	7.55374416	1.42984053	0	18.9	0	0	0	3
54	11	0	1.35	21.0875022	18.5013457	14.2628931	21.8166372	7.55374416	1.42984053	0	18.9	0	0	0	3
55	11	0	1.375	21.7702246	18.8588377	14.2919775	21.8166372	7.23190999	1.42984053	0	19.7	0	0	0	3
56	11	0	1.4	20.9314262	19.1750019	15.3953957	21.8166372	6.42124155	1.42984053	0	22.2	0	0	0	3
57	12	0	1.425	19.0158489	19.3474044	16.4802002	21.8166372	5.33643705	1.42984053	0	26.7	0	0	0	3
58	12	0	1.45	16.873148	19.3592573	16.4802002	21.8166372	5.33643705	1.42984053	0	26.7	0	0	0	3
59	12	0	1.475	17.0874794	19.3630017	16.4802002	21.8166372	4.9954319	1.42984053	0	28.6	0	0	0	3
60	12	0	1.5	17.1623122	19.287444	16.4802002	21.8166372	4.51056959	1.42984053	0	31.6	0	0	0	3
61	12	0	1.525	17.7298538	19.2700169	16.4802002	21.8166372	4.11494495	1.42984053	0	34.7	0	0	0	3
62	13	0	1.55	17.301703	19.2602827	16.4802002	21.8166372	3.91813422	1.42984053	0	36.4	0	0	0	3
63	13	0	1.575	16.7809826	19.1641298	16.4802002	21.8166372	3.53038523	1.42984053	0	40.5	0	0	0	3
64	13	0	1.6	16.3626482	19.0665283	16.3626482	21.8166372	3.36841315	1.42984053	0	42.4	0	0	0	3
65	13	0	1.625	16.0761227	18.9161517	16.0761227	21.8166372	3.36203369	1.42984053	0	42.5	0	0	0	3
66	14	0	1.65	18.619573	19.0180266	16.0761227	21.8166372	3.10757549	1.42984053	0	46	0	0	0	3
67	14	0	1.675	17.7764522	18.9843929	16.0761227	21.8166372	3.01615805	1.42984053	0	47.4	0	0	0	3
68	14	0	1.7	18.6452886	18.9542889	16.0761227	21.8166372	2.68118327	1.42984053	0	53.3	0	0	0	3
69	14	0	1.725	18.0713602	18.7992086	16.0761227	21.8166372	2.49561212	1.42984053	0	57.2	0	0	0	3
70	14	0	1.75	18.9968353	18.728912	16.0761227	21.8166372	2.18768064	1.42984053	0	65.3	0	0	0	3
71	15	0	1.775	17.0593887	18.5450969	16.0761227	21.8166372	1.90481186	1.42984053	0	75	0	0	0	3
72	15	0	1.8	17.2054041	18.4559232	16.0761227	21.8166372	1.52571834	1.42984053	0	93.7	0	0	0	3
73	15	0	1.825	16.2043816	18.2178368	16.0761227	21.8166372	1.17336619	1.42984053	0	100	0	0	0	3
