Iteration	CPUTime	PhysTime	Travels	Value	AvValue	MinValue	MaxValue	Delta	Criteria	Progress	dGMaxMin	CriteriaType	CriteriaVarType	CriteriaPercentage
1	1	0	0.025	293.47932	293.47932	293.47932	293.47932	0	0	0	0	49.2513	0	0	3
2	1	0	0.05	293.515629	293.497474	293.47932	293.515629	0.0181543353	0	0	0	51.7908	0	0	3
3	2	0	0.075	293.54246	293.51247	293.47932	293.54246	0.0331496306	0	0	0	52.0587	0	0	3
4	2	0	0.1	293.563518	293.525232	293.47932	293.563518	0.0459116283	0	0	0	58.904	0	0	3
5	2	0	0.125	293.578791	293.535943	293.47932	293.578791	0.0566234136	0	0	0	59.903	0	0	3
6	2	0	0.15	293.594113	293.545638	293.47932	293.594113	0.0663183963	0	0	0	66.0466	0	0	3
7	2	0	0.175	293.608878	293.554673	293.47932	293.608878	0.0753525822	0	0	0	61.6042	0	0	3
8	3	0	0.2	293.662743	293.568181	293.47932	293.662743	0.0888613366	0	0	0	66.3103	0	0	3
9	3	0	0.225	293.691399	293.581872	293.47932	293.691399	0.102552197	0	0	0	71.522	0	0	3
10	3	0	0.25	293.722408	293.595926	293.47932	293.722408	0.116605789	0	0	0	76.3329	0	0	3
11	3	0	0.275	293.722875	293.607467	293.47932	293.722875	0.128146582	0	0	0	81.4459	0	0	3
12	3	0	0.3	293.723419	293.617129	293.47932	293.723419	0.137809235	0	0	0	84.4309	0	0	3
13	3	0	0.325	293.729363	293.625763	293.47932	293.729363	0.146442617	0	0	0	83.0425	0	0	3
14	4	0	0.35	293.756581	293.635107	293.47932	293.756581	0.155786761	0	0	0	85.9447	0	0	3
15	4	0	0.375	293.786976	293.645231	293.47932	293.786976	0.165911355	0	0	0	86.864	0	0	3
16	4	0	0.4	293.799107	293.654849	293.47932	293.799107	0.175528569	0	0	0	86.8033	0	0	3
17	4	0	0.425	293.827281	293.664992	293.47932	293.827281	0.185671669	0	0	0	87.0869	0	0	3
18	4	0	0.45	293.841985	293.674825	293.47932	293.841985	0.195504642	0	0	0	86.7464	0	0	3
19	4	0	0.475	293.878752	293.685558	293.47932	293.878752	0.206237642	0	0	0	90.1428	0	0	3
20	5	0	0.5	293.899819	293.696271	293.47932	293.899819	0.216950723	0	0	0	92.8287	0	0	3
21	5	0	0.525	293.949893	293.719799	293.515629	293.949893	0.222325047	0	0	0	94.6467	0	0	3
22	5	0	0.55	293.987013	293.743369	293.54246	293.987013	0.230898964	0	0	0	96.1461	0	0	3
23	5	0	0.575	294.037855	293.768138	293.563518	294.037855	0.242906712	0	0	0	95.6668	0	0	3
24	5	0	0.6	294.086859	293.794305	293.578791	294.086859	0.258361999	0	0	0	94.6047	0	0	3
25	6	0	0.625	294.146271	293.822679	293.594113	294.146271	0.277041017	0	0	0	95.7877	0	0	3
26	6	0	0.65	294.223106	293.854129	293.608878	294.223106	0.299456448	0	0	0	96.3647	0	0	3
27	6	0	0.675	294.314106	293.889391	293.662743	294.314106	0.32120912	0	0	0	96.6737	0	0	3
28	6	0	0.7	294.396051	293.926056	293.691399	294.396051	0.344183673	0	0	0	95.9587	0	0	3
29	6	0	0.725	294.486776	293.965825	293.722408	294.486776	0.369898899	0	0	0	96.4973	0	0	3
30	6	0	0.75	294.579247	294.008667	293.722875	294.579247	0.401200022	0	0	0	97.1442	0	0	3
31	7	0	0.775	294.72999	294.059022	293.723419	294.72999	0.441893156	0	0	0	97.3072	0	0	3
32	7	0	0.8	294.886852	294.117194	293.729363	294.886852	0.491431453	0	0	0	97.785	0	0	3
33	7	0	0.825	295.059873	294.18372	293.756581	295.059873	0.548612788	0	0	0	98.0921	0	0	3
34	7	0	0.85	295.231004	294.257441	293.786976	295.231004	0.612209349	0	0	0	98.2985	0	0	3
35	7	0	0.875	295.387247	294.337454	293.799107	295.387247	0.682605716	0	0	0	97.9624	0	0	3
36	8	0	0.9	295.601149	294.427556	293.827281	295.601149	0.762564735	0	0	0	97.3534	0	0	3
37	8	0	0.925	295.769352	294.52466	293.841985	295.769352	0.849835272	0	0	0	97.0733	0	0	3
38	8	0	0.95	295.936298	294.629376	293.878752	295.936298	0.943817888	0	0	0	96.7289	0	0	3
39	8	0	0.975	296.105791	294.740728	293.899819	296.105791	1.0444568	0	0	0	96.7596	0	0	3
40	8	0	1	296.29286	294.86038	293.949893	296.29286	1.14058018	0.0825119982	0	0	96.1954	0	0	3
41	8	0	1.025	296.596288	294.992699	293.987013	296.596288	1.2493307	0.0916148263	0	0	93.8557	0	0	3
42	9	0	1.05	296.879435	295.13732	294.037855	296.879435	1.36918206	0.0958620359	0	0	93.4438	0	0	3
43	9	0	1.075	297.121775	295.291516	294.086859	297.121775	1.497211	0.0994906014	0	0	92.776	0	0	3
44	9	0	1.1	297.294095	295.386877	294.086859	297.294095	1.59257186	0.102482731	0	0	92.4808	0	0	3
45	9	0	1.125	297.358852	295.542687	294.146271	297.358852	1.72000705	0.104574617	0	0	91.9995	0	0	3
46	9	0	1.15	297.358246	295.695638	294.223106	297.358852	1.84150865	0.105969207	0	0	91.5136	0	0	3
47	10	0	1.175	297.360404	295.845033	294.314106	297.360404	1.95564236	0.106908717	0	0	91.2136	0	0	3
48	10	0	1.2	297.315748	295.987968	294.396051	297.360404	2.06191227	0.107411355	0	0	93.8957	0	0	3
49	10	0	1.225	297.241165	296.12345	294.486776	297.360404	2.15762507	0.107706775	0	0	95.1402	0	0	3
50	10	0	1.25	297.153639	296.250443	294.579247	297.360404	2.24177667	0.107850084	0	0	97.0888	0	0	3
51	10	0	1.275	297.103696	296.370655	294.72999	297.360404	2.31163277	0.107966065	0	0	96.9638	0	0	3
52	11	0	1.3	297.073966	296.482273	294.886852	297.360404	2.36507898	0.108061355	0	0	98.482	0	0	3
53	11	0	1.325	297.06851	296.586162	295.059873	297.360404	2.30053076	0.108128267	0	0	97.8734	0	0	3
54	11	0	1.35	297.089267	296.682799	295.231004	297.360404	2.12939981	0.108127297	0	0	97.7187	0	0	3
55	11	0	1.375	297.11327	296.772431	295.387247	297.360404	1.97315624	0.108065666	0	0	97.6053	0	0	3
56	11	0	1.4	297.151879	296.856461	295.601149	297.360404	1.75925438	0.107988994	0	0	97.2965	0	0	3
57	12	0	1.425	297.224525	296.933765	295.769352	297.360404	1.59105206	0.107871622	0	0	97.333	0	0	3
58	12	0	1.45	297.34739	297.00891	295.936298	297.360404	1.42410604	0.107742784	0	0	98.2048	0	0	3
59	12	0	1.475	297.543782	297.085456	296.105791	297.543782	1.43799026	0.107859001	0	0	96.6588	0	0	3
60	12	0	1.5	297.78034	297.165197	296.29286	297.78034	1.48747931	0.108286831	0	0	95.9982	0	0	3
61	12	0	1.525	298.01922	297.247404	296.596288	298.01922	1.42293226	0.108943639	0	0	95.5818	0	0	3
62	13	0	1.55	298.240422	297.325697	296.879435	298.240422	1.36098694	0.109791759	0	0	95.5569	0	0	3
63	13	0	1.575	298.419133	297.399016	297.06851	298.419133	1.35062347	0.110732915	0	0	94.744	0	0	3
64	13	0	1.6	298.580779	297.468492	297.06851	298.580779	1.51226912	0.111736443	0	0	94.6073	0	0	3
65	13	0	1.625	298.731675	297.536948	297.06851	298.731675	1.66316505	0.112769471	0	0	93.3276	0	0	3
66	14	0	1.65	298.898812	297.610279	297.06851	298.898812	1.83030176	0.113827229	0	0	93.0309	0	0	3
67	14	0	1.675	299.093811	297.692925	297.06851	299.093811	1.84789255	0.114922189	0	0	92.3489	0	0	3
68	14	0	1.7	299.270285	297.783872	297.06851	299.270285	1.79590395	0.116040218	0	0	92.0664	0	0	3
69	14	0	1.725	299.360515	297.881242	297.06851	299.360515	1.75779217	0.11708063	0	0	90.8521	0	0	3
70	14	0	1.75	299.333167	297.980861	297.06851	299.360515	1.73041782	0.117959211	0	0	90.2191	0	0	3
71	15	0	1.775	299.193971	298.07802	297.06851	299.360515	1.70736456	0.118635228	0	0	90.575	0	0	3
72	15	0	1.8	298.968493	298.16682	297.06851	299.360515	1.6845465	0.119121936	0	0	91.0218	0	0	3
73	15	0	1.825	298.696867	298.244101	297.06851	299.360515	1.65793902	0.119421855	0	0	89.3745	0	0	3
