81.4724
90.5792
12.6987
91.3376
63.2359
9.7540
27.8498
54.6882
95.7507
96.4889
15.7613
97.0593
95.7167
48.5376
80.0280
14.1886
42.1761
91.5736
79.2207
95.9492
65.5741
3.5712
84.9129
93.3993
67.8735
75.7740
74.3132
39.2227
65.5478
17.1187
70.6046
3.1833
27.6923
4.6171
9.7132
82.3458
69.4829
31.7099
95.0222
3.4446
43.8744
38.1558
76.5517
79.5200
18.6873
48.9764
44.5586
64.6313
70.9365
75.4687
27.6025
67.9703
65.5098
16.2612
11.8998
49.8364
95.9744
34.0386
58.5268
22.3812
75.1267
25.5095
50.5957
69.9077
89.0903
95.9291
54.7216
13.8624
14.9294
25.7508
84.0717
25.4282
81.4285
24.3525
92.9264
34.9984
19.6595
25.1084
61.6045
47.3289
35.1660
83.0829
58.5264
54.9724
91.7194
28.5839
75.7200
75.3729
38.0446
56.7822
7.5854
5.3950
53.0798
77.9167
93.4011
12.9906
56.8824
46.9391
1.1902
33.7123
16.2182
79.4285
31.1215
52.8533
16.5649
60.1982
26.2971
65.4079
68.9215
74.8152
45.0542
8.3821
22.8977
91.3337
15.2378
82.5817
53.8342
99.6135
7.8176
44.2678
10.6653
96.1898
0.4634
77.4910
81.7303
86.8695
8.4436
39.9783
25.9870
80.0068
43.1414
91.0648
18.1847
26.3803
14.5539
13.6069
86.9292
57.9705
54.9860
14.4955
85.3031
62.2055
35.0952
51.3250
40.1808
7.5967
23.9916
12.3319
18.3908
23.9953
41.7267
4.9654
90.2716
94.4787
49.0864
48.9253
33.7719
90.0054
36.9247
11.1203
78.0252
38.9739
24.1691
40.3912
9.6455
13.1973
94.2051
95.6135
57.5209
5.9780
23.4780
35.3159
82.1194
1.5403
4.3024
16.8990
64.9115
73.1722
64.7746
45.0924
54.7009
29.6321
74.4693
18.8955
68.6775
18.3511
36.8485
62.5619
78.0227
8.1126
92.9386
77.5713
48.6792
43.5859
44.6784
30.6349
50.8509
51.0772
81.7628
79.4831
64.4318
37.8609
81.1580
53.2826
35.0727
93.9002
87.5943
55.0156
62.2475
58.7045
20.7742
30.1246
47.0923
23.0488
84.4309
19.4764
22.5922
17.0708
22.7664
43.5699
31.1102
92.3380
43.0207
18.4816
90.4881
97.9748
43.8870
11.1119
25.8065
40.8720
59.4896
26.2212
60.2843
71.1216
22.1747
11.7418
29.6676
31.8778
42.4167
50.7858
8.5516
26.2482
80.1015
2.9220
92.8854
73.0331
48.8609
57.8525
23.7284
45.8849
96.3089
54.6806
52.1136
23.1594
48.8898
62.4060
67.9136
39.5515
36.7437
98.7982
3.7739
88.5168
91.3287
79.6184
9.8712
26.1871
33.5357
67.9728
13.6553
72.1227
10.6762
65.3757
49.4174
77.9052
71.5037
90.3721
89.0923
33.4163
69.8746
19.7810
3.0541
74.4074
50.0022
47.9922
90.4722
60.9867
61.7666
85.9442
80.5489
57.6722
18.2922
23.9932
88.6512
2.8674
48.9901
16.7927
97.8681
71.2694
50.0472
47.1088
5.9619
68.1972
4.2431
7.1445
52.1650
9.6730
81.8149
81.7547
72.2440
14.9865
65.9605
51.8595
97.2975
64.8991
80.0331
45.3798
43.2392
82.5314
8.3470
13.3171
17.3389
39.0938
83.1380
80.3364
6.0471
39.9258
52.6876
41.6799
65.6860
62.7973
29.1984
43.1651
1.5487
98.4064
16.7168
10.6216
37.2410
19.8118
48.9688
33.9493
95.1630
92.0332
5.2677
73.7858
26.9119
42.2836
54.7871
94.2737
41.7744
98.3052
30.1455
70.1099
66.6339
53.9126
69.8106
66.6528
17.8132
12.8014
99.9080
17.1121
3.2601
56.1200
88.1867
66.9175
19.0433
36.8917
46.0726
98.1638
15.6405
85.5523
64.4765
37.6272
19.0924
42.8253
48.2022
12.0612
58.9507
22.6188
38.4619
58.2986
25.1806
29.0441
61.7091
26.5281
82.4376
98.2663
73.0249
34.3877
58.4069
10.7769
90.6308
87.9654
81.7761
26.0728
59.4356
2.2513
42.5259
31.2719
16.1485
17.8766
42.2886
9.4229
59.8524
47.0924
69.5949
69.9888
63.8531
3.3604
6.8806
31.9600
53.0864
65.4446
40.7619
81.9981
71.8359
96.8649
53.1334
32.5146
10.5629
61.0959
77.8802
42.3453
9.0823
26.6471
15.3657
28.1005
44.0085
52.7143
45.7424
87.5372
51.8052
94.3623
63.7709
95.7694
24.0707
67.6122
28.9065
67.1808
69.5140
6.7993
25.4790
22.4040
66.7833
84.4392
34.4462
78.0520
67.5332
0.6715
60.2170
38.6771
91.5991
0.1151
46.2449
42.4349
46.0916
77.0160
32.2472
78.4739
47.1357
3.5763
17.5874
72.1758
47.3486
15.2721
34.1125
60.7389
19.1745
73.8427
24.2850
91.7424
26.9062
76.5500
18.8662
28.7498
9.1113
57.6209
68.3363
54.6593
42.5729
64.4443
64.7618
67.9017
63.5787
94.5174
20.8935
70.9282
23.6231
11.9396
60.7304
45.0138
45.8725
66.1945
77.0286
35.0218
66.2010
41.6159
84.1929
83.2917
25.6441
61.3461
58.2249
54.0739
86.9941
26.4779
31.8074
11.9215
93.9829
64.5552
47.9463
63.9317
54.4716
64.7311
54.3886
72.1047
52.2495
99.3705
21.8677
10.5798
10.9697
6.3591
40.4580
44.8373
36.5816
76.3505
62.7896
77.1980
93.2854
97.2741
19.2028
13.8874
69.6266
9.3820
52.5404
53.0344
86.1140
48.4853
39.3456
67.1431
74.1258
52.0052
34.7713
14.9997
58.6092
26.2145
4.4454
75.4933
24.2785
44.2402
68.7796
35.9228
73.6340
39.4707
68.3416
70.4047
44.2305
1.9578
33.0858
42.4309
27.0270
19.7054
82.1721
42.9921
88.7771
39.1183
76.9114
39.6792
80.8514
75.5077
37.7396
21.6019
79.0407
94.9304
32.7565
67.1264
43.8645
83.3501
76.8854
16.7254
86.1980
98.9872
51.4423
88.4281
58.8026
15.4752
19.9863
40.6955
74.8706
82.5584
78.9963
31.8524
53.4064
8.9951
11.1706
13.6293
67.8652
49.5177
18.9710
49.5006
14.7608
5.4974
85.0713
56.0560
92.9609
69.6667
58.2791
81.5397
87.9014
98.8912
0.0522
86.5439
61.2566
98.9950
52.7680
47.9523
80.1348
22.7843
49.8094
90.0852
57.4661
84.5178
73.8640
58.5987
24.6735
66.6416
8.3483
62.5960
66.0945
72.9752
89.0752
98.2303
76.9029
58.1446
92.8313
58.0090
1.6983
12.0860
86.2711
48.4297
84.4856
20.9405
55.2291
62.9883
3.1991
61.4713
36.2411
4.9533
48.9570
19.2510
12.3084
20.5494
14.6515
18.9072
4.2652
63.5198
28.1867
53.8597
69.5163
49.9116
53.5801
44.5183
12.3932
49.0357
85.2998
87.3927
27.0294
20.8461
56.4980
64.0312
41.7029
20.5976
94.7933
8.2071
10.5709
14.2041
16.6460
62.0959
57.3710
5.2078
93.1201
72.8662
73.7842
6.3405
86.0441
93.4405
98.4398
85.8939
78.5559
51.3377
17.7602
39.8589
13.3931
3.0890
93.9142
30.1306
29.5534
33.2936
46.7068
64.8198
2.5228
84.2207
55.9033
85.4100
34.7879
44.6027
5.4239
17.7108
66.2808
33.0829
89.8486
11.8155
98.8418
53.9982
70.6917
99.9492
28.7849
41.4523
46.4840
76.3957
81.8204
10.0222
17.8117
35.9635
5.6705
52.1886
33.5849
17.5669
20.8947
90.5154
67.5391
46.8468
91.2132
10.4012
74.5546
73.6267
56.1861
18.4194
59.7211
29.9937
13.4123
21.2602
89.4942
7.1453
24.2487
5.3754
44.1722
1.3283
89.7191
19.6658
9.3371
30.7367
45.6058
10.1669
99.5390
33.2093
29.7347
6.2045
29.8244
4.6351
50.5428
76.1426
63.1070
8.9892
8.0862
77.7241
90.5135
53.3772
10.9154
82.5809
33.8098
29.3973
74.6313
1.0337
4.8447
66.7916
60.3468
52.6102
72.9709
70.7253
78.1377
28.7977
69.2532
55.6670
39.6521
6.1591
78.0176
33.7584
60.7866
74.1254
10.4813
12.7888
54.9540
48.5229
89.0476
79.8960
73.4341
5.1332
7.2885
8.8527
79.8351
94.3008
68.3716
13.2083
72.2725
11.0353
11.7493
64.0718
32.8814
65.3812
74.9131
58.3186
74.0032
23.4827
73.4958
97.0599
86.6930
8.6235
36.6437
36.9199
68.5028
59.7942
78.9364
36.7653
20.6028
8.6667
77.1934
20.5675
38.8272
55.1779
22.8953
64.1941
48.4480
15.1846
78.1932
10.0606
29.4066
23.7373
53.0872
9.1499
40.5315
10.4846
11.2284
78.4428
29.1570
60.3533
96.4423
43.2485
69.4752
75.8099
43.2642
65.5498
10.9755
93.3760
18.7461
26.6179
79.7830
48.7604
76.8958
39.6007
27.2939
3.7235
67.3295
42.9564
45.1739
60.9857
5.9403
31.5811
77.2722
69.6433
12.5332
13.0151
9.2352
0.7820
42.3109
65.5573
72.2923
53.1209
10.8818
63.1766
12.6500
13.4303
9.8594
14.2027
16.8251
19.6249
31.7480
31.6429
21.7563
25.1042
89.2922
70.3223
55.5738
18.4434
21.2031
7.7347
91.3800
70.6715
55.7789
31.3429
16.6204
62.2497
98.7935
17.0432
25.7792
39.6799
7.3995
68.4096
40.2388
98.2835
40.2184
62.0672
15.4370
38.1345
16.1134
75.8112
87.1111
35.0777
68.5536
29.4149
53.0629
83.2423
59.7490
33.5311
29.9225
45.2593
42.2646
35.9606
55.8319
74.2545
42.4335
42.9356
12.4873
2.4434
29.0185
31.7521
65.3690
95.6936
93.5731
45.7886
24.0478
76.3898
75.9327
74.0648
74.3688
10.5920
68.1560
46.3261
21.2163
9.8519
82.3574
17.5010
16.3570
66.5987
89.4389
51.6558
70.2702
15.3590
95.3457
54.0884
67.9734
3.6563
80.9204
74.8619
12.0187
52.5045
32.5834
54.6449
39.8881
41.5093
18.0738
25.5387
2.0536
92.3676
65.3700
93.2614
16.3512
92.1097
79.4658
57.7394
44.0036
25.7614
75.1946
22.8669
6.4187
76.7330
67.1202
71.5213
64.2061
41.9048
39.0762
81.6140
31.7428
81.4540
78.9074
85.2264
50.5637
63.5661
95.0894
44.3964
6.0019
86.6750
