Iteration	CPUTime	PhysTime	Travels	Value	AvValue	MinValue	MaxValue	Delta	Criteria	Progress	dGMaxMin	CriteriaType	CriteriaVarType	CriteriaPercentage
1	2	0	0.0173887856	293.14234	293.14234	293.14234	293.14234	0	0	0	0	115.533	0	0	3
2	2	0	0.0347775712	293.150626	293.146483	293.14234	293.150626	0.00414316254	0	0	0	81.7089	0	0	3
3	3	0	0.0521663568	293.159042	293.150669	293.14234	293.159042	0.00832970047	0	0	0	200.566	0	0	3
4	3	0	0.0695551424	293.177106	293.157279	293.14234	293.177106	0.0149389245	0	0	0	266.863	0	0	3
5	3	0	0.0869439281	293.187938	293.163411	293.14234	293.187938	0.021070842	0	0	0	332.345	0	0	3
6	3	0	0.104332714	293.208134	293.170864	293.14234	293.208134	0.0285247467	0	0	0	381.808	0	0	3
7	4	0	0.121721499	293.201635	293.17526	293.14234	293.208134	0.0329205887	0	0	0	440.985	0	0	3
8	4	0	0.139110285	293.174592	293.175177	293.14234	293.208134	0.0329205887	0	0	0	489.443	0	0	3
9	4	0	0.15649907	293.120229	293.169071	293.120229	293.208134	0.0329205887	0	0	0	513.83	0	0	3
10	4	0	0.173887856	293.084918	293.160656	293.084918	293.208134	0.0329205887	0	0	0	528.49	0	0	3
11	4	0	0.191276642	293.051207	293.150706	293.051207	293.208134	0.0329205887	0	0	0	580.809	0	0	3
12	5	0	0.208665427	293.011646	293.139118	293.011646	293.208134	0.0361424823	0	0	0	552.801	0	0	3
13	5	0	0.226054213	292.9789	293.126793	292.9789	293.208134	0.0484669443	0	0	0	547.699	0	0	3
14	5	0	0.243442999	292.957806	293.114723	292.957806	293.208134	0.0605374766	0	0	0	561.194	0	0	3
15	5	0	0.260831784	292.938356	293.102965	292.938356	293.208134	0.0722952453	0	0	0	587.351	0	0	3
16	5	0	0.27822057	292.891877	293.089772	292.891877	293.208134	0.0854882472	0	0	0	513.303	0	0	3
17	6	0	0.295609355	292.858654	293.076177	292.858654	293.208134	0.0990834251	0	0	0	491.224	0	0	3
18	6	0	0.312998141	292.825234	293.062236	292.825234	293.208134	0.113024694	0	0	0	496.646	0	0	3
19	6	0	0.330386927	292.797204	293.048287	292.797204	293.208134	0.12697375	0	0	0	550.138	0	0	3
20	6	0	0.347775712	292.733343	293.032539	292.733343	293.208134	0.142720946	0	0	0	440.962	0	0	3
21	7	0	0.365164498	292.602606	293.012066	292.602606	293.208134	0.163193965	0	0	0	284.862	0	0	3
22	7	0	0.382553283	292.463488	292.987131	292.463488	293.208134	0.188129328	0	0	0	177.518	0	0	3
23	7	0	0.399942069	292.328972	292.958515	292.328972	293.208134	0.216744936	0	0	0	178.141	0	0	3
24	7	0	0.417330855	292.198521	292.926849	292.198521	293.208134	0.248411364	0	0	0	181.081	0	0	3
25	7	0	0.43471964	292.07049	292.892595	292.07049	293.208134	0.282665721	0	0	0	184.292	0	0	3
26	8	0	0.452108426	291.921642	292.85525	291.921642	293.208134	0.32001004	0	0	0	187.658	0	0	3
27	8	0	0.469497211	291.777302	292.815326	291.777302	293.208134	0.359934049	0	0	0	188.727	0	0	3
28	8	0	0.486885997	291.630213	292.773001	291.630213	293.208134	0.402259519	0	0	0	191.44	0	0	3
29	9	0	0.504274783	291.497035	292.729002	291.497035	293.208134	0.446258337	0	0	0	193.805	0	0	3
30	9	0	0.521663568	291.386661	292.668461	291.386661	293.208134	0.50679897	0	0	0	195.053	0	0	3
31	9	0	0.539052354	291.302263	292.604725	291.302263	293.208134	0.570535637	0	0	0	197.124	0	0	3
32	10	0	0.55644114	291.293209	292.540386	291.293209	293.208134	0.634874728	0	0	0	198.619	0	0	3
33	10	0	0.573829925	291.332663	292.476784	291.293209	293.208134	0.698476232	0	0	0	199.615	0	0	3
34	10	0	0.591218711	291.373522	292.414218	291.293209	293.208134	0.761042301	0	0	0	200.604	0	0	3
35	10	0	0.608607496	291.388311	292.351465	291.293209	293.201635	0.823794806	0	0	0	201.244	0	0	3
36	11	0	0.625996282	291.385933	292.288855	291.293209	293.174592	0.886321655	0	0	0	202.46	0	0	3
37	11	0	0.643385068	291.394194	292.227462	291.293209	293.120229	0.941609403	0	0	0	202.97	0	0	3
38	11	0	0.660773853	291.418765	292.168791	291.293209	293.084918	0.99186525	0	0	0	203.786	0	0	3
39	12	0	0.678162639	291.486368	292.113668	291.293209	293.051207	1.03703772	0	0	0	203.023	0	0	3
40	12	0	0.695551424	291.608754	292.063929	291.293209	293.011646	1.07518908	0	0	0	202.778	0	0	3
41	12	0	0.71294021	291.932886	292.02673	291.293209	292.9789	1.10006323	0	0	0	203.07	0	0	3
42	13	0	0.730328996	292.38862	292.006376	291.293209	292.957806	1.10834717	0	0	0	202.036	0	0	3
43	13	0	0.747717781	292.879479	292.003675	291.293209	292.938356	1.09929031	0	0	0	199.82	0	0	3
44	13	0	0.765106567	293.418455	292.02023	291.293209	293.418455	1.08609731	0	0	0	191.153	0	0	3
45	14	0	0.782495352	293.932656	292.056119	291.293209	293.932656	1.07250213	0	0	0	181.379	0	0	3
46	14	0	0.799884138	294.29309	292.105582	291.293209	294.29309	1.05856087	0	0	0	175.535	0	0	3
47	14	0	0.817272924	294.614335	292.167275	291.293209	294.614335	1.04461181	0	0	0	176.01	0	0	3
48	15	0	0.834661709	294.871332	292.238797	291.293209	294.871332	1.02886461	0	0	0	176.044	0	0	3
49	15	0	0.852050495	295.091834	292.320124	291.293209	295.091834	1.00839159	0	0	0	176.006	0	0	3
50	15	0	0.869439281	295.26677	292.411992	291.293209	295.26677	0.983456231	0	0	0	178.145	0	0	3
51	15	0	0.886828066	295.388789	292.512864	291.293209	295.388789	0.954840623	0	0	0	175.888	0	0	3
52	15	0	0.904216852	295.461531	292.620884	291.293209	295.461531	0.923174195	0	0	0	178.056	0	0	3
53	16	0	0.921605637	295.484361	292.734188	291.293209	295.484361	0.888919838	0	0	0	179.499	0	0	3
54	16	0	0.938994423	295.466238	292.851283	291.293209	295.484361	0.851575519	0	0	0	181	0	0	3
55	16	0	0.956383209	295.408091	292.971506	291.293209	295.484361	0.967830878	0	0	0	182.915	0	0	3
56	16	0	0.973771994	295.314015	293.093461	291.293209	295.484361	1.0897865	0	0	0	178.645	0	0	3
57	17	0	0.99116078	295.202685	293.21665	291.293209	295.484361	1.2129752	0	0	0	178.22	0	0	3
58	17	0	1.00854957	295.065641	293.339705	291.293209	295.484361	1.33603057	0.125734553	0	9.4	179.336	0	0	3
59	17	0	1.02593835	294.898726	293.460811	291.293209	295.484361	1.45713623	0.125734553	0	8.6	179.048	0	0	3
60	17	0	1.04332714	294.695687	293.577826	291.293209	295.484361	1.57415088	0.125734553	0	7.9	180.455	0	0	3
61	18	0	1.06071592	294.457043	293.686923	291.332663	295.484361	1.68324859	0.125734553	0	7.4	181.244	0	0	3
62	18	0	1.07810471	294.197069	293.785696	291.373522	295.484361	1.78202123	0.125734553	0	7	181.019	0	0	3
63	18	0	1.09549349	293.919023	293.873472	291.385933	295.484361	1.86979712	0.125734553	0	6.7	180.132	0	0	3
64	18	0	1.11288228	293.621401	293.950475	291.385933	295.484361	1.9468002	0.125734553	0	6.4	179.601	0	0	3
65	19	0	1.13027106	293.301007	294.016512	291.394194	295.484361	2.01283723	0.125734553	0	6.2	179.086	0	0	3
66	19	0	1.14765985	292.955517	294.070351	291.418765	295.484361	2.06667593	0.125734553	0	6	180.697	0	0	3
67	19	0	1.16504864	292.584378	294.110544	291.486368	295.484361	2.10686949	0.125734553	0	5.9	181.58	0	0	3
68	20	0	1.18243742	292.184754	294.134626	291.608754	295.484361	2.13095174	0.125734553	0	5.9	181.724	0	0	3
69	20	0	1.19982621	291.758977	294.139807	291.758977	295.484361	2.13613184	0.125734553	0	5.8	182.332	0	0	3
70	20	0	1.21721499	291.310832	294.118356	291.310832	295.484361	2.13613184	0.125734553	0	5.8	183.596	0	0	3
71	20	0	1.23460378	290.84338	294.065072	290.84338	295.484361	2.13613184	0.126772618	0	5.9	184.738	0	0	3
72	21	0	1.25199256	290.36712	293.978439	290.36712	295.484361	2.11957671	0.128682946	0	6	185.031	0	0	3
73	21	0	1.26938135	289.895199	293.856948	289.895199	295.484361	2.08368776	0.131282405	0	6.3	186.352	0	0	3
74	21	0	1.28677014	289.411492	293.701045	289.411492	295.484361	2.03422447	0.134463883	0	6.6	187.2	0	0	3
75	21	0	1.30415892	288.939757	293.516448	288.939757	295.484361	1.97253133	0.138103543	0	7	187.77	0	0	3
76	22	0	1.32154771	288.465742	293.304427	288.465742	295.484361	1.90100966	0.142128821	0	7.4	188.496	0	0	3
77	22	0	1.33893649	287.998828	293.067444	287.998828	295.484361	1.81968237	0.146467619	0	8	189.777	0	0	3
78	22	0	1.35632528	287.540898	292.807067	287.540898	295.484361	1.72781464	0.151059431	0	8.7	192.281	0	0	3
79	22	0	1.37371406	287.100211	292.525462	287.100211	295.484361	1.62694218	0.155843482	0	9.5	194.551	0	0	3
80	23	0	1.39110285	286.676315	292.225032	286.676315	295.484361	1.91477484	0.160770658	0	8.3	196.503	0	0	3
81	23	0	1.40849163	286.261994	291.907806	286.261994	295.484361	2.23200024	0.165809803	0	7.4	196.01	0	0	3
82	23	0	1.42588042	285.867482	291.57619	285.867482	295.466238	2.56361676	0.17092216	0	6.6	194.888	0	0	3
83	23	0	1.44326921	285.49051	291.232199	285.49051	295.408091	2.90760739	0.176077895	0	6	195.995	0	0	3
84	24	0	1.46065799	285.139989	290.878127	285.139989	295.314015	3.26167989	0.181241482	0	5.5	196.972	0	0	3
85	24	0	1.47804678	284.81087	290.515949	284.81087	295.202685	3.6238573	0.186388268	0	5.1	199.025	0	0	3
86	24	0	1.49543556	284.517599	290.147498	284.517599	295.065641	3.99230857	0.191481646	0	4.7	200.787	0	0	3
87	24	0	1.51282435	284.253507	289.774666	284.253507	294.898726	4.36514076	0.196496955	0	4.5	201.303	0	0	3
88	25	0	1.53021313	284.032857	289.399981	284.032857	294.695687	4.73982589	0.20139856	0	4.2	201.013	0	0	3
89	25	0	1.54760192	283.843625	289.025772	283.843625	294.457043	5.11403494	0.206167061	0	4	201.371	0	0	3
90	25	0	1.5649907	283.682827	288.654247	283.682827	294.197069	5.48555961	0.210788278	0	3.8	201.793	0	0	3
91	25	0	1.58237949	283.559672	288.28744	283.559672	293.919023	5.85236642	0.21524138	0	3.6	201.009	0	0	3
92	26	0	1.59976828	283.457606	287.926702	283.457606	293.621401	6.21310493	0.219522594	0	3.5	201.76	0	0	3
93	26	0	1.61715706	283.387826	287.57382	283.387826	293.301007	6.56598681	0.223618977	0	3.4	201.617	0	0	3
94	26	0	1.63454585	283.341143	287.230376	283.341143	292.955517	6.90943041	0.227526687	0	3.2	201.591	0	0	3
95	26	0	1.65193463	283.300698	286.897451	283.300698	292.584378	7.24235521	0.231255963	0	3.1	201.96	0	0	3
96	27	0	1.66932342	283.298988	286.577265	283.298988	292.184754	7.56254109	0.234790311	0	3.1	201.592	0	0	3
97	27	0	1.6867122	283.318836	286.271544	283.298988	291.758977	7.8682624	0.23814341	0	3	202.173	0	0	3
98	27	0	1.70410099	283.367955	285.982199	283.298988	291.310832	8.0118446	0.241328855	0	3	202.283	0	0	3
99	27	0	1.72148978	283.413142	285.709864	283.298988	290.84338	7.54439264	0.244358912	0	3.2	202.202	0	0	3
100	28	0	1.73887856	283.459952	285.455263	283.298988	290.36712	7.06813268	0.24724468	0	3.4	202.49	0	0	3
101	28	0	1.75626735	283.531935	285.219567	283.298988	289.895199	6.59621159	0.249996227	0	3.7	203.051	0	0	3
102	28	0	1.77365613	283.626034	285.003389	283.298988	289.411492	6.11250429	0.252622703	0	4.1	203.318	0	0	3
103	29	0	1.79104492	283.709572	284.806771	283.298988	288.939757	5.64076943	0.255132447	0	4.5	204.063	0	0	3
104	29	0	1.8084337	283.784164	284.628992	283.298988	288.465742	5.16675457	0.257533072	0	4.9	202.849	0	0	3
105	29	0	1.82582249	283.842205	284.46956	283.298988	287.998828	4.69984032	0.259831542	0	5.5	201.852	0	0	3
106	29	0	1.84321127	283.88437	284.327682	283.298988	287.540898	4.24191069	0.262034243	0	6.1	202.299	0	0	3
107	30	0	1.86060006	283.910154	284.202484	283.298988	287.100211	3.80122281	0.264147038	0	6.9	203.32	0	0	3
108	30	0	1.87798885	283.928175	284.093103	283.298988	286.676315	3.37732773	0.266175321	0	7.8	202.71	0	0	3
109	30	0	1.89537763	283.932282	283.998482	283.298988	286.261994	2.96300608	0.268124063	0	9	203.413	0	0	3
110	30	0	1.91276642	283.925278	283.917905	283.298988	285.867482	2.56849396	0.269997854	0	10.5	201.729	0	0	3
111	30	0	1.9301552	283.91003	283.850407	283.298988	285.49051	2.19152188	0.271790678	0	12.4	200.481	0	0	3
112	31	0	1.94754399	283.896567	283.795443	283.298988	285.139989	1.84100107	0.273484797	0	14.8	201.113	0	0	3
113	31	0	1.96493277	283.877756	283.751918	283.298988	284.81087	1.5118825	0.275065997	0	18.1	200.684	0	0	3
114	31	0	1.98232156	283.858935	283.719093	283.298988	284.517599	1.21861081	0.276531085	0	22.6	199.852	0	0	3
115	32	0	1.99971035	283.825989	283.695244	283.298988	284.253507	0.954519344	0.277872638	0	29.1	201.083	0	0	3
116	32	0	2.01709913	283.789589	283.679247	283.298988	284.032857	0.733869218	0.279081595	0	38	201.52	0	0	3
117	32	0	2.03448792	283.74949	283.669476	283.298988	283.932282	0.633294191	0.28014633	0	44.2	200.019	0	0	3
118	32	0	2.0518767	283.706352	283.664742	283.298988	283.932282	0.633294191	0.281056252	0	44.3	200.301	0	0	3
119	32	0	2.06926549	283.657395	283.663865	283.298988	283.932282	0.633294191	0.281808485	0	44.4	201.305	0	0	3
120	33	0	2.08665427	283.597318	283.665163	283.298988	283.932282	0.633294191	0.282401913	0	44.5	202.031	0	0	3
121	33	0	2.10404306	283.537046	283.667903	283.298988	283.932282	0.633294191	0.282834778	0	44.6	202.017	0	0	3
122	33	0	2.12143184	283.473691	283.670863	283.298988	283.932282	0.633294191	0.283103931	0	44.7	203.136	0	0	3
123	33	0	2.13882063	283.405108	283.673069	283.298988	283.932282	0.633294191	0.283205346	0	44.7	203.157	0	0	3
124	34	0	2.15620942	283.340123	283.674429	283.298988	283.932282	0.633294191	0.283134987	0	44.7	202.82	0	0	3
125	34	0	2.1735982	283.268011	283.673361	283.268011	283.932282	0.664271376	0.282901664	0	42.5	203.453	0	0	3
126	34	0	2.19098699	283.195571	283.66911	283.195571	283.932282	0.736710464	0.282519318	0	38.3	201.062	0	0	3
127	35	0	2.20837577	283.120026	283.660561	283.120026	283.932282	0.812255771	0.281986055	0	34.7	201.019	0	0	3
128	35	0	2.22576456	283.050607	283.64806	283.050607	283.932282	0.881675172	0.281297443	0	31.9	201.863	0	0	3
129	35	0	2.24315334	282.989941	283.631852	282.989941	283.932282	0.942340621	0.280452625	0	29.7	202.823	0	0	3
130	35	0	2.26054213	282.933631	283.611221	282.933631	283.932282	0.998651062	0.279458104	0	27.9	202.208	0	0	3
131	35	0	2.27793091	282.880435	283.585511	282.880435	283.932282	1.05184734	0.278313907	0	26.4	202.584	0	0	3
132	36	0	2.2953197	282.835024	283.555354	282.835024	283.932282	1.0736383	0.2770278	0	25.8	203.77	0	0	3
133	36	0	2.31270849	282.789018	283.521039	282.789018	283.932282	0.948521371	0.275604785	0	29	203.234	0	0	3
134	36	0	2.33009727	282.752196	283.483452	282.752196	283.932282	0.844230009	0.274049446	0	32.4	203.49	0	0	3
135	36	0	2.34748606	282.714828	283.443123	282.714828	283.932282	0.75936097	0.272370649	0	35.8	203.992	0	0	3
136	37	0	2.36487484	282.683279	283.400817	282.683279	283.932282	0.692286488	0.270577538	0	39	204.577	0	0	3
137	37	0	2.38226363	282.65388	283.356876	282.65388	283.932282	0.641605862	0.268680013	0	41.8	202.154	0	0	3
138	37	0	2.39965241	282.624674	283.311786	282.624674	283.925278	0.60611938	0.266685507	0	43.9	201.402	0	0	3
139	37	0	2.4170412	282.595007	283.265914	282.595007	283.91003	0.584492467	0.264605121	0	45.2	200.748	0	0	3
140	38	0	2.43442999	282.565378	283.219547	282.565378	283.896567	0.575896237	0.2624484	0	45.5	202.192	0	0	3
141	38	0	2.45181877	282.539157	283.17274	282.539157	283.877756	0.579178207	0.26022643	0	44.9	201.696	0	0	3
142	38	0	2.46920756	282.515275	283.125758	282.515275	283.858935	0.593334968	0.257948352	0	43.4	201.155	0	0	3
143	38	0	2.48659634	282.497517	283.078812	282.497517	283.825989	0.61643182	0.255626636	0	41.4	202.478	0	0	3
144	39	0	2.50398513	282.481263	283.032442	282.481263	283.789589	0.646804517	0.253272458	0	39.1	201.559	0	0	3
145	39	0	2.52137391	282.461692	282.986653	282.461692	283.74949	0.68777581	0.250903061	0	36.4	202.476	0	0	3
146	39	0	2.5387627	282.44874	282.941799	282.44874	283.706352	0.732629264	0.248557643	0	33.9	203.004	0	0	3
147	39	0	2.55615148	282.427535	282.897702	282.427535	283.657395	0.776726387	0.246272078	0	31.7	201.844	0	0	3
148	40	0	2.57354027	282.402596	282.854433	282.402596	283.597318	0.819995306	0.244045617	0	29.7	202.851	0	0	3
149	40	0	2.59092906	282.378135	282.812393	282.378135	283.537046	0.862036097	0.241876153	0	28	202.11	0	0	3
150	40	0	2.60831784	282.347404	282.77137	282.347404	283.473691	0.903058262	0.239763873	0	26.5	203.051	0	0	3
151	40	0	2.62570663	282.312607	282.731333	282.312607	283.405108	0.943095617	0.237708242	0	25.2	202.652	0	0	3
152	41	0	2.64309541	282.275405	282.692378	282.275405	283.340123	0.982050874	0.235708221	0	24	201.318	0	0	3
153	41	0	2.6604842	282.231341	282.654144	282.231341	283.268011	1.01921656	0.233764221	0	22.9	202.375	0	0	3
154	41	0	2.67787298	282.18799	282.616902	282.18799	283.195571	1.0075812	0.231874269	0	23	201.015	0	0	3
155	41	0	2.69526177	282.144278	282.58065	282.144278	283.120026	0.975748366	0.230036803	0	23.5	201.852	0	0	3
156	42	0	2.71265056	282.10672	282.545709	282.10672	283.050607	0.943886695	0.228248334	0	24.1	202.282	0	0	3
157	42	0	2.73003934	282.074002	282.512033	282.074002	282.989941	0.91593921	0.226505911	0	24.7	203.339	0	0	3
158	42	0	2.74742813	282.052082	282.479693	282.052082	282.933631	0.881549325	0.224804912	0	25.5	202.709	0	0	3
159	42	0	2.76481691	282.032938	282.448634	282.032938	282.880435	0.847496745	0.223143282	0	26.3	203.556	0	0	3
160	43	0	2.7822057	282.013446	282.418738	282.013446	282.835024	0.821578314	0.221519966	0	26.9	202.394	0	0	3
161	43	0	2.79959448	282.002843	282.390042	282.002843	282.789018	0.786174896	0.21993126	0	27.9	200.342	0	0	3
162	43	0	2.81698327	281.993376	282.362606	281.993376	282.752196	0.758820691	0.218375836	0	28.7	200.794	0	0	3
163	43	0	2.83437205	281.984933	282.336149	281.984933	282.714828	0.729894659	0.216852452	0	29.7	201.665	0	0	3
164	44	0	2.85176084	281.982913	282.310911	281.982913	282.683279	0.700365824	0.215358382	0	30.7	202.53	0	0	3
165	44	0	2.86914963	281.979228	282.286633	281.979228	282.65388	0.67465163	0.213893272	0	31.7	202.327	0	0	3
166	44	0	2.88653841	281.967002	282.262948	281.967002	282.624674	0.6576717	0.21245869	0	32.3	200.325	0	0	3
167	44	0	2.9039272	281.953203	282.239793	281.953203	282.595007	0.641804153	0.2110523	0	32.8	199.836	0	0	3
168	45	0	2.92131598	281.941583	282.217261	281.941583	282.565378	0.623795661	0.209670492	0	33.6	199.717	0	0	3
169	45	0	2.93870477	281.933054	282.195457	281.933054	282.539157	0.606102716	0.208312248	0	34.3	200.466	0	0	3
170	45	0	2.95609355	281.923813	282.174238	281.923813	282.515275	0.591462075	0.206975695	0	34.9	200.292	0	0	3
171	45	0	2.97348234	281.917356	282.153621	281.917356	282.497517	0.580160932	0.205659515	0	35.4	201.201	0	0	3
172	46	0	2.99087112	281.908438	282.133307	281.908438	282.481263	0.572824732	0.204360103	0	35.6	201.592	0	0	3
173	46	0	3.00825991	281.894358	282.113069	281.894358	282.461692	0.567333516	0.203077467	0	35.7	202.287	0	0	3
174	46	0	3.0256487	281.878425	282.092957	281.878425	282.44874	0.570314899	0.201810695	0	35.3	202.369	0	0	3
175	46	0	3.04303748	281.864671	282.072816	281.864671	282.427535	0.562864321	0.200558043	0	35.6	201.362	0	0	3
176	47	0	3.06042627	281.846692	282.052787	281.846692	282.402596	0.555904632	0.199318747	0	35.8	200.233	0	0	3
177	47	0	3.07781505	281.832619	282.033133	281.832619	282.378135	0.545515832	0.198088681	0	36.3	201.113	0	0	3
178	47	0	3.09520384	281.817309	282.013794	281.817309	282.347404	0.530094997	0.196867877	0	37.1	201.495	0	0	3
179	47	0	3.11259262	281.802776	281.995014	281.802776	282.312607	0.509831233	0.195655146	0	38.3	202.486	0	0	3
180	47	0	3.12998141	281.792488	281.977079	281.792488	282.275405	0.482917501	0.194447961	0	40.2	201.155	0	0	3
181	48	0	3.1473702	281.780725	281.960021	281.780725	282.231341	0.450616217	0.193247424	0	42.8	200.652	0	0	3
182	48	0	3.16475898	281.769091	281.944081	281.769091	282.18799	0.418898859	0.192051619	0	45.8	201.293	0	0	3
183	48	0	3.18214777	281.764073	281.929463	281.764073	282.144278	0.380204894	0.190858766	0	50.1	202.735	0	0	3
184	49	0	3.19953655	281.763175	281.916322	281.763175	282.10672	0.343545049	0.189667074	0	55.2	203.826	0	0	3
185	49	0	3.21692534	281.761755	281.904426	281.761755	282.074002	0.312246872	0.188478085	0	60.3	203.198	0	0	3
186	49	0	3.23431412	281.763613	281.893723	281.761755	282.052082	0.290326316	0.187293456	0	64.5	203.481	0	0	3
187	49	0	3.25170291	281.768434	281.883942	281.761755	282.032938	0.271182615	0.186114098	0	68.6	203.694	0	0	3
188	50	0	3.26909169	281.772344	281.874956	281.761755	282.013446	0.251690671	0.184940608	0	73.4	201.389	0	0	3
189	50	0	3.28648048	281.772585	281.866651	281.761755	282.002843	0.241087544	0.183774635	0	76.2	202.918	0	0	3
190	50	0	3.30386927	281.773442	281.858741	281.761755	281.993376	0.231620263	0.182615871	0	78.8	203.289	0	0	3
191	50	0	3.32125805	281.77879	281.851341	281.761755	281.984933	0.223177816	0.181466227	0	81.3	202.088	0	0	3
192	51	0	3.33864684	281.779317	281.844251	281.761755	281.982913	0.221157791	0.180325376	0	81.5	203.183	0	0	3
193	51	0	3.35603562	281.773377	281.837025	281.761755	281.979228	0.217473087	0.179194416	0	82.3	203.784	0	0	3
194	51	0	3.37342441	281.774221	281.829956	281.761755	281.967002	0.205247113	0.178073602	0	86.7	203.638	0	0	3
195	51	0	3.39081319	281.771306	281.823208	281.761755	281.953203	0.191447602	0.176962755	0	92.4	201.259	0	0	3
196	52	0	3.40820198	281.770342	281.816903	281.761755	281.941583	0.179827306	0.175861558	0	97.7	201.54	0	0	3
197	52	0	3.42559077	281.770913	281.811017	281.761755	281.933054	0.171299109	0.17476981	0	100	201.609	0	0	3
