Iteration	CPUTime	PhysTime	Travels	Value	AvValue	MinValue	MaxValue	Delta	Criteria	Progress	dGMaxMin	CriteriaType	CriteriaVarType	CriteriaPercentage
1	2	0	0.0173887856	0.002416133	0.002416133	0.002416133	0.002416133	0	0	0	0	0	0	0	3
2	2	0	0.0347775712	0.0171235165	0.00976982474	0.002416133	0.0171235165	0.00735369175	0	0	0	0	0	0	3
3	3	0	0.0521663568	0.171388146	0.0636425984	0.002416133	0.171388146	0.0612264654	0	0	0	0	0	0	3
4	3	0	0.0695551424	0.386771399	0.144424799	0.002416133	0.386771399	0.142008666	0	0	0	0	0	0	3
5	3	0	0.0869439281	0.64224497	0.243988833	0.002416133	0.64224497	0.2415727	0	0	0	0	0	0	3
6	3	0	0.104332714	0.871909291	0.348642243	0.002416133	0.871909291	0.34622611	0	0	0	0	0	0	3
7	4	0	0.121721499	1.32902928	0.488697533	0.002416133	1.32902928	0.4862814	0	0	0	0	0	0	3
8	4	0	0.139110285	2.07739841	0.687285143	0.002416133	2.07739841	0.68486901	0	0	0	0	0	0	3
9	4	0	0.15649907	3.01921082	0.946387996	0.002416133	3.01921082	0.943971863	0	0	0	0	0	0	3
10	4	0	0.173887856	4.1298069	1.26472989	0.002416133	4.1298069	1.26231375	0	0	0	0	0	0	3
11	4	0	0.191276642	4.96753015	1.60134809	0.002416133	4.96753015	1.59893196	0	0	0	0	0	0	3
12	5	0	0.208665427	5.68599588	1.94173541	0.002416133	5.68599588	1.93931927	0	0	0	0	0	0	3
13	5	0	0.226054213	5.99275443	2.25335226	0.002416133	5.99275443	2.25093612	0	0	0	0	0	0	3
14	5	0	0.243442999	6.18356583	2.5340818	0.002416133	6.18356583	2.53166566	0	0	0	0	0	0	3
15	5	0	0.260831784	6.43508669	2.79414879	0.002416133	6.43508669	2.79173266	0	0	0	0	0	0	3
16	5	0	0.27822057	6.63150181	3.03398335	0.002416133	6.63150181	3.03156722	0	0	0	0	0	0	3
17	6	0	0.295609355	6.79805982	3.25539962	0.002416133	6.79805982	3.25298348	0	0	0	0	0	0	3
18	6	0	0.312998141	6.90658509	3.45824325	0.002416133	6.90658509	3.45582712	0	0	0	0	0	0	3
19	6	0	0.330386927	6.89836729	3.63930241	0.002416133	6.90658509	3.63688628	0	0	0	0	0	0	3
20	6	0	0.347775712	6.88667179	3.80167088	0.002416133	6.90658509	3.79925475	0	0	0	0	0	0	3
21	7	0	0.365164498	6.86490688	3.94753926	0.002416133	6.90658509	3.94512313	0	0	0	0	0	0	3
22	7	0	0.382553283	6.94338374	4.08371401	0.002416133	6.94338374	4.08129788	0	0	0	0	0	0	3
23	7	0	0.399942069	7.13059273	4.216187	0.002416133	7.13059273	4.21377087	0	0	0	0	0	0	3
24	7	0	0.417330855	7.32650635	4.34578364	0.002416133	7.32650635	4.34336751	0	0	0	0	0	0	3
25	7	0	0.43471964	7.42673228	4.46902158	0.002416133	7.42673228	4.46660545	0	0	0	0	0	0	3
26	8	0	0.452108426	7.45542749	4.58388335	0.002416133	7.45542749	4.58146722	0	0	0	0	0	0	3
27	8	0	0.469497211	7.45143617	4.69008901	0.002416133	7.45542749	4.68767288	0	0	0	0	0	0	3
28	8	0	0.486885997	7.40969444	4.78721778	0.002416133	7.45542749	4.78480164	0	0	0	0	0	0	3
29	9	0	0.504274783	7.36448009	4.87608889	0.002416133	7.45542749	4.87367276	0	0	0	0	0	0	3
30	9	0	0.521663568	7.32523586	5.12859991	0.0171235165	7.45542749	5.11883009	0	0	0	0	0	0	3
31	9	0	0.539052354	7.27798661	5.3789745	0.171388146	7.45542749	5.31533191	0	0	0	0	0	0	3
32	10	0	0.55644114	7.23834245	5.62266258	0.386771399	7.45542749	5.47823779	0	0	0	0	0	0	3
33	10	0	0.573829925	7.18274765	5.85700659	0.64224497	7.45542749	5.61301776	0	0	0	0	0	0	3
34	10	0	0.591218711	7.13848548	6.08101489	0.871909291	7.45542749	5.73237264	0	0	0	0	0	0	3
35	10	0	0.608607496	7.09580329	6.29563192	1.32902928	7.45542749	5.80693439	0	0	0	0	0	0	3
36	11	0	0.625996282	7.04818253	6.4928441	2.07739841	7.45542749	5.37802908	0	0	0	0	0	0	3
37	11	0	0.643385068	6.99072447	6.66226914	3.01921082	7.45542749	4.43621667	0	0	0	0	0	0	3
38	11	0	0.660773853	6.90983786	6.79642869	4.1298069	7.45542749	3.32562059	0	0	0	0	0	0	3
39	12	0	0.678162639	6.79850956	6.88845292	4.96753015	7.45542749	2.48789734	0	0	0	0	0	0	3
40	12	0	0.695551424	6.55095958	6.94305394	5.68599588	7.45542749	1.76943161	0	0	0	0	0	0	3
41	12	0	0.71294021	6.06140896	6.95599921	5.99275443	7.45542749	1.46267306	0	0	0	0	0	0	3
42	13	0	0.730328996	5.46033712	6.93764	5.46033712	7.45542749	1.99509037	0	0	0	0	0	0	3
43	13	0	0.747717781	4.60334412	6.88314959	4.60334412	7.45542749	2.85208337	0	0	0	0	0	0	3
44	13	0	0.765106567	3.49086585	6.78162474	3.49086585	7.45542749	3.92201586	0	0	0	0	0	0	3
45	14	0	0.782495352	2.50541711	6.63934595	2.50541711	7.45542749	3.7005996	0	0	0	0	0	0	3
46	14	0	0.799884138	1.59138139	6.45980532	1.59138139	7.45542749	3.49775596	0	0	0	0	0	0	3
47	14	0	0.817272924	0.798305284	6.24917498	0.798305284	7.45542749	3.3166968	0	0	0	0	0	0	3
48	15	0	0.834661709	0.324234555	6.02248075	0.324234555	7.45542749	3.15432833	0	0	0	0	0	0	3
49	15	0	0.852050495	0.204820464	5.79207208	0.204820464	7.45542749	3.00845995	0	0	0	0	0	0	3
50	15	0	0.869439281	0.187166984	5.56180519	0.187166984	7.45542749	2.8722852	0	0	0	0	0	0	3
51	15	0	0.886828066	0.170586998	5.32826047	0.170586998	7.45542749	2.73981222	0	0	0	0	0	0	3
52	15	0	0.904216852	0.124839592	5.08668278	0.124839592	7.45542749	2.61021558	0	0	0	0	0	0	3
53	16	0	0.921605637	0.0778944657	4.83673065	0.0778944657	7.45542749	2.48697763	0	0	0	0	0	0	3
54	16	0	0.938994423	0.0308216267	4.58169924	0.0308216267	7.45542749	2.37429997	0	0	0	0	0	0	3
55	16	0	0.956383209	-0.008194503	4.32433297	-0.008194503	7.45143617	2.63166625	0	0	0	0	0	0	3
56	16	0	0.973771994	-0.0516613402	4.06560547	-0.0516613402	7.40969444	2.89039375	0	0	0	0	0	0	3
57	17	0	0.99116078	-0.0892976549	3.80701953	-0.0892976549	7.36448009	3.14897968	0	0	0	0	0	0	3
58	17	0	1.00854957	-0.12172741	3.54887445	-0.12172741	7.32523586	3.40712477	0.227314647	0	6.6	0	0	0	3
59	17	0	1.02593835	-0.153233281	3.2909962	-0.153233281	7.27798661	3.66500301	0.228259823	0	6.2	0	0	0	3
60	17	0	1.04332714	-0.181280737	3.03378009	-0.181280737	7.23834245	3.92221913	0.228680535	0	5.8	0	0	0	3
61	18	0	1.06071592	-0.209421626	2.77696063	-0.209421626	7.18274765	4.17903858	0.229102181	0	5.4	0	0	0	3
62	18	0	1.07810471	-0.240808698	2.52097593	-0.240808698	7.13848548	4.43502328	0.229548407	0	5.1	0	0	0	3
63	18	0	1.09549349	-0.272184479	2.26543559	-0.272184479	7.09580329	4.69056363	0.230004398	0	4.9	0	0	0	3
64	18	0	1.11288228	-0.302671312	2.01031578	-0.302671312	7.04818253	4.94568344	0.230460825	0	4.6	0	0	0	3
65	19	0	1.13027106	-0.331994798	1.7558269	-0.331994798	6.99072447	5.20017231	0.230912517	0	4.4	0	0	0	3
66	19	0	1.14765985	-0.359216773	1.50238065	-0.359216773	6.90983786	5.45361856	0.231353369	0	4.2	0	0	0	3
67	19	0	1.16504864	-0.383002721	1.25090339	-0.383002721	6.79850956	5.70509582	0.231775539	0	4	0	0	0	3
68	20	0	1.18243742	-0.40421062	1.00253373	-0.40421062	6.55095958	5.95346549	0.2321769	0	3.8	0	0	0	3
69	20	0	1.19982621	-0.423533942	0.762033953	-0.423533942	6.06140896	6.19396526	0.232557986	0	3.7	0	0	0	3
70	20	0	1.21721499	-0.440896652	0.537816518	-0.440896652	5.46033712	5.90123377	0.232918964	0	3.9	0	0	0	3
71	20	0	1.23460378	-0.453605086	0.333887476	-0.453605086	4.60334412	5.05694921	0.233253734	0	4.6	0	0	0	3
72	21	0	1.25199256	-0.463257934	0.15917706	-0.463257934	3.49086585	3.95412379	0.233561365	0	5.9	0	0	0	3
73	21	0	1.26938135	-0.467917793	0.0226672796	-0.467917793	2.50541711	2.97333491	0.233837298	0	7.8	0	0	0	3
74	21	0	1.28677014	-0.465685482	-0.079784534	-0.467917793	1.59138139	2.05929918	0.234078739	0	11.3	0	0	0	3
75	21	0	1.30415892	-0.461618297	-0.150577627	-0.467917793	0.798305284	1.26622308	0.234291775	0	18.5	0	0	0	3
76	22	0	1.32154771	-0.450265961	-0.193631807	-0.467917793	0.324234555	0.792152348	0.234481141	0	29.6	0	0	0	3
77	22	0	1.33893649	-0.434191178	-0.219784419	-0.467917793	0.204820464	0.672738257	0.234650574	0	34.8	0	0	0	3
78	22	0	1.35632528	-0.413716036	-0.241113264	-0.467917793	0.187166984	0.655084776	0.234803063	0	35.8	0	0	0	3
79	22	0	1.37371406	-0.390368354	-0.261028275	-0.467917793	0.170586998	0.638504791	0.234941029	0	36.7	0	0	0	3
80	23	0	1.39110285	-0.363442472	-0.279443085	-0.467917793	0.124839592	0.592757385	0.235066453	0	39.6	0	0	0	3
81	23	0	1.40849163	-0.333091137	-0.2952338	-0.467917793	0.0778944657	0.545812258	0.235180971	0	43	0	0	0	3
82	23	0	1.42588042	-0.30219305	-0.308340266	-0.467917793	0.0308216267	0.498739419	0.235285945	0	47.1	0	0	0	3
83	23	0	1.44326921	-0.270581371	-0.318733472	-0.467917793	-0.008194503	0.45972329	0.235382522	0	51.2	0	0	0	3
84	24	0	1.46065799	-0.239202095	-0.326699251	-0.467917793	-0.0516613402	0.416256452	0.235467064	0	56.5	0	0	0	3
85	24	0	1.47804678	-0.208388862	-0.332103649	-0.467917793	-0.0892976549	0.378620138	0.235498964	0	62.1	0	0	0	3
86	24	0	1.49543556	-0.179751067	-0.335222732	-0.467917793	-0.12172741	0.346190383	0.235480142	0	68	0	0	0	3
87	24	0	1.51282435	-0.152973703	-0.33630019	-0.467917793	-0.152973703	0.31494409	0.23542202	0	74.7	0	0	0	3
88	25	0	1.53021313	-0.127940724	-0.335428033	-0.467917793	-0.127940724	0.339977069	0.235320524	0	69.2	0	0	0	3
89	25	0	1.54760192	-0.102978531	-0.332727957	-0.467917793	-0.102978531	0.364939262	0.23518721	0	64.4	0	0	0	3
90	25	0	1.5649907	-0.0786745588	-0.328219437	-0.467917793	-0.0786745588	0.389243234	0.235010109	0	60.3	0	0	0	3
91	25	0	1.58237949	-0.05683899	-0.321875654	-0.467917793	-0.05683899	0.411078803	0.234803502	0	57.1	0	0	0	3
92	26	0	1.59976828	-0.0371294178	-0.313770307	-0.467917793	-0.0371294178	0.430788375	0.234571389	0	54.4	0	0	0	3
93	26	0	1.61715706	-0.0208765689	-0.304053247	-0.467917793	-0.0208765689	0.447041224	0.234311721	0	52.4	0	0	0	3
94	26	0	1.63454585	-0.00564836935	-0.292799922	-0.467917793	-0.00564836935	0.462269423	0.234018597	0	50.6	0	0	0	3
95	26	0	1.65193463	0.00768974293	-0.280147973	-0.467917793	0.00768974293	0.475607536	0.233675734	0	49.1	0	0	0	3
96	27	0	1.66932342	0.0193669739	-0.266273156	-0.467917793	0.0193669739	0.487284767	0.233263026	0	47.8	0	0	0	3
97	27	0	1.6867122	0.0310513497	-0.251264123	-0.467917793	0.0310513497	0.498969142	0.232681059	0	46.6	0	0	0	3
98	27	0	1.70410099	0.0413691861	-0.235232981	-0.467917793	0.0413691861	0.509286979	0.231761028	0	45.5	0	0	0	3
99	27	0	1.72148978	0.0500897597	-0.218302415	-0.467917793	0.0500897597	0.518007552	0.230446067	0	44.4	0	0	0	3
100	28	0	1.73887856	0.0585716245	-0.200641149	-0.467917793	0.0585716245	0.495477251	0.228581586	0	46.1	0	0	0	3
101	28	0	1.75626735	0.0652672919	-0.182416141	-0.467917793	0.0652672919	0.35896747	0.227314647	0	63.3	0	0	0	3
102	28	0	1.77365613	0.0719801941	-0.163798969	-0.465685482	0.0719801941	0.256515656	0.227314647	0	88.6	0	0	0	3
103	29	0	1.79104492	0.0779791386	-0.145051913	-0.461618297	0.0779791386	0.191248277	0.227314647	0	100	0	0	0	3
104	29	0	1.8084337	0.082715451	-0.126281784	-0.450265961	0.082715451	0.210018406	0.227314647	0	100	0	0	0	3
105	29	0	1.82582249	0.0839408468	-0.107860859	-0.434191178	0.0839408468	0.228439331	0.227314647	0	99.5	0	0	0	3
106	29	0	1.84321127	0.0830114205	-0.0900262871	-0.413716036	0.0839408468	0.246273903	0.227314647	0	92.3	0	0	0	3
107	30	0	1.86060006	0.0796025415	-0.0730153017	-0.390368354	0.0839408468	0.263284889	0.227314647	0	86.3	0	0	0	3
108	30	0	1.87798885	0.0739425191	-0.0570045819	-0.363442472	0.0839408468	0.279295608	0.227314647	0	81.3	0	0	0	3
109	30	0	1.89537763	0.0668049937	-0.0421684624	-0.333091137	0.0839408468	0.294131728	0.227314647	0	77.2	0	0	0	3
110	30	0	1.91276642	0.0581286264	-0.0286781257	-0.30219305	0.0839408468	0.307622065	0.227314647	0	73.8	0	0	0	3
111	30	0	1.9301552	0.0496023239	-0.0165472508	-0.270581371	0.0839408468	0.319752939	0.227314647	0	71	0	0	0	3
112	31	0	1.94754399	0.0411207919	-0.00579890036	-0.239202095	0.0839408468	0.323142941	0.227314647	0	70.3	0	0	0	3
113	31	0	1.96493277	0.0341177207	0.00362592086	-0.208388862	0.0839408468	0.292329709	0.227314647	0	77.7	0	0	0	3
114	31	0	1.98232156	0.0271678221	0.0117485652	-0.179751067	0.0839408468	0.263691914	0.227314647	0	86.2	0	0	0	3
115	32	0	1.99971035	0.0206312762	0.0186583011	-0.152973703	0.0839408468	0.23691455	0.227314647	0	95.9	0	0	0	3
116	32	0	2.01709913	0.0144998553	0.0244332514	-0.127940724	0.0839408468	0.211881571	0.227314647	0	100	0	0	0	3
117	32	0	2.03448792	0.00998679566	0.0291893728	-0.102978531	0.0839408468	0.186919377	0.227314647	0	100	0	0	0	3
118	32	0	2.0518767	0.00594836343	0.0329454726	-0.0786745588	0.0839408468	0.162615406	0.227314647	0	100	0	0	0	3
119	32	0	2.06926549	0.00247580984	0.0357437612	-0.05683899	0.0839408468	0.140779837	0.227314647	0	100	0	0	0	3
120	33	0	2.08665427	-0.00113774729	0.0376644937	-0.0371294178	0.0839408468	0.121070265	0.227314647	0	100	0	0	0	3
121	33	0	2.10404306	-0.00463967276	0.0387848297	-0.0208765689	0.0839408468	0.104817416	0.227314647	0	100	0	0	0	3
122	33	0	2.12143184	-0.00716169031	0.0392577565	-0.00716169031	0.0839408468	0.0911025371	0.227314647	0	100	0	0	0	3
123	33	0	2.13882063	-0.0102239863	0.0390999767	-0.0102239863	0.0839408468	0.0941648331	0.227314647	0	100	0	0	0	3
124	34	0	2.15620942	-0.0125674337	0.0384014533	-0.0125674337	0.0839408468	0.0965082805	0.227314647	0	100	0	0	0	3
125	34	0	2.1735982	-0.0147122896	0.0372263063	-0.0147122896	0.0839408468	0.0986531364	0.227314647	0	100	0	0	0	3
126	34	0	2.19098699	-0.0169548838	0.0355709189	-0.0169548838	0.0839408468	0.100895731	0.227314647	0	100	0	0	0	3
127	35	0	2.20837577	-0.0189899501	0.0334895694	-0.0189899501	0.0839408468	0.102930797	0.227314647	0	100	0	0	0	3
128	35	0	2.22576456	-0.0210747046	0.0310356224	-0.0210747046	0.0839408468	0.105015551	0.227314647	0	100	0	0	0	3
129	35	0	2.24315334	-0.0224609497	0.0282413957	-0.0224609497	0.0839408468	0.106401796	0.227314647	0	100	0	0	0	3
130	35	0	2.26054213	-0.0225543514	0.0252130631	-0.0225543514	0.0839408468	0.106495198	0.227314647	0	100	0	0	0	3
131	35	0	2.27793091	-0.0218015238	0.0219792108	-0.0225543514	0.0839408468	0.106495198	0.227314647	0	100	0	0	0	3
132	36	0	2.2953197	-0.0203466727	0.0185886656	-0.0225543514	0.0839408468	0.106495198	0.227314647	0	100	0	0	0	3
133	36	0	2.31270849	-0.0176911613	0.0151263686	-0.0225543514	0.0839408468	0.106495198	0.227314647	0	100	0	0	0	3
134	36	0	2.33009727	-0.0160920287	0.0116769591	-0.0225543514	0.0830114205	0.105565772	0.227314647	0	100	0	0	0	3
135	36	0	2.34748606	-0.0141233974	0.00832748263	-0.0225543514	0.0796025415	0.102156893	0.227314647	0	100	0	0	0	3
136	37	0	2.36487484	-0.0134919098	0.00511732914	-0.0225543514	0.0739425191	0.0962623385	0.227314647	0	100	0	0	0	3
137	37	0	2.38226363	-0.0123030517	0.00214334394	-0.0225543514	0.0668049937	0.081426219	0.227314647	0	100	0	0	0	3
138	37	0	2.39965241	-0.0116547348	-0.00056216394	-0.0225543514	0.0581286264	0.0679358823	0.227314647	0	100	0	0	0	3
139	37	0	2.4170412	-0.0110822513	-0.00294874593	-0.0225543514	0.0496023239	0.0558050073	0.227314647	0	100	0	0	0	3
140	38	0	2.43442999	-0.0107160458	-0.00502868971	-0.0225543514	0.0411207919	0.0450566569	0.227314647	0	100	0	0	0	3
141	38	0	2.45181877	-0.0100256792	-0.00679236113	-0.0225543514	0.0341177207	0.0460501177	0.227314647	0	100	0	0	0	3
142	38	0	2.46920756	-0.00940093589	-0.00829300446	-0.0225543514	0.0271678221	0.047550761	0.227314647	0	100	0	0	0	3
143	38	0	2.48659634	-0.00852009034	-0.00952362213	-0.0225543514	0.0206312762	0.0431856276	0.227314647	0	100	0	0	0	3
144	39	0	2.50398513	-0.00741885708	-0.0104908681	-0.0225543514	0.0144998553	0.0370542068	0.227314647	0	100	0	0	0	3
145	39	0	2.52137391	-0.00646021924	-0.0112136293	-0.0225543514	0.00998679566	0.0325411471	0.227314647	0	100	0	0	0	3
146	39	0	2.5387627	-0.00610381668	-0.011768478	-0.0225543514	0.00594836343	0.0285027149	0.227314647	0	100	0	0	0	3
147	39	0	2.55615148	-0.00620532256	-0.0121875706	-0.0225543514	0.00247580984	0.0250301613	0.227314647	0	100	0	0	0	3
148	40	0	2.57354027	-0.00700729961	-0.0125145744	-0.0225543514	-0.00113774729	0.0214166041	0.227314647	0	100	0	0	0	3
149	40	0	2.59092906	-0.00812332382	-0.0127554563	-0.0225543514	-0.00463967276	0.0179146787	0.227314647	0	100	0	0	0	3
150	40	0	2.60831784	-0.0103391061	-0.0129519885	-0.0225543514	-0.00610381668	0.0164505348	0.227314647	0	100	0	0	0	3
151	40	0	2.62570663	-0.0128248226	-0.0131472689	-0.0225543514	-0.00610381668	0.0164505348	0.227314647	0	100	0	0	0	3
152	41	0	2.64309541	-0.0155719559	-0.0133316817	-0.0225543514	-0.00610381668	0.0164505348	0.227314647	0	100	0	0	0	3
153	41	0	2.6604842	-0.0175207791	-0.0135024867	-0.0225543514	-0.00610381668	0.0164505348	0.227314647	0	100	0	0	0	3
154	41	0	2.67787298	-0.019415533	-0.0136646675	-0.0225543514	-0.00610381668	0.0164505348	0.227314647	0	100	0	0	0	3
155	41	0	2.69526177	-0.0201486005	-0.0137747957	-0.0225543514	-0.00610381668	0.0164505348	0.227314647	0	100	0	0	0	3
156	42	0	2.71265056	-0.0203171724	-0.013820562	-0.0225543514	-0.00610381668	0.0164505348	0.227314647	0	100	0	0	0	3
157	42	0	2.73003934	-0.0205386241	-0.0138020764	-0.0225543514	-0.00610381668	0.0164505348	0.227314647	0	100	0	0	0	3
158	42	0	2.74742813	-0.0195767215	-0.0137026203	-0.0225543514	-0.00610381668	0.0164505348	0.227314647	0	100	0	0	0	3
159	42	0	2.76481691	-0.0171604225	-0.0135166227	-0.0218015238	-0.00610381668	0.0156977071	0.227314647	0	100	0	0	0	3
160	43	0	2.7822057	-0.0149188769	-0.0132792901	-0.0205386241	-0.00610381668	0.0144348075	0.227314647	0	100	0	0	0	3
161	43	0	2.79959448	-0.0133673936	-0.0130386253	-0.0205386241	-0.00610381668	0.0144348075	0.227314647	0	100	0	0	0	3
162	43	0	2.81698327	-0.0122669347	-0.012851583	-0.0205386241	-0.00610381668	0.0144348075	0.227314647	0	100	0	0	0	3
163	43	0	2.83437205	-0.0122143843	-0.0127178711	-0.0205386241	-0.00610381668	0.0144348075	0.227314647	0	100	0	0	0	3
164	44	0	2.85176084	-0.0126219232	-0.0126660961	-0.0205386241	-0.00610381668	0.0144348075	0.227314647	0	100	0	0	0	3
165	44	0	2.86914963	-0.0120690337	-0.0126170314	-0.0205386241	-0.00610381668	0.0144348075	0.227314647	0	100	0	0	0	3
166	44	0	2.88653841	-0.0107778606	-0.0125644386	-0.0205386241	-0.00610381668	0.013258398	0.227314647	0	100	0	0	0	3
167	44	0	2.9039272	-0.0088448922	-0.0124675475	-0.0205386241	-0.00610381668	0.010871816	0.227314647	0	100	0	0	0	3
168	45	0	2.92131598	-0.00667490936	-0.0123155702	-0.0205386241	-0.00610381668	0.00879187225	0.227314647	0	100	0	0	0	3
169	45	0	2.93870477	-0.00390876143	-0.0120808363	-0.0205386241	-0.00390876143	0.00702820083	0.227314647	0	100	0	0	0	3
170	45	0	2.95609355	-0.0015744742	-0.0117894154	-0.0205386241	-0.0015744742	0.0055275575	0.227314647	0	100	0	0	0	3
171	45	0	2.97348234	-0.000679684129	-0.0114886826	-0.0205386241	-0.000679684129	0.00429693983	0.227314647	0	100	0	0	0	3
172	46	0	2.99087112	-0.00128322249	-0.0112391354	-0.0205386241	-0.000679684129	0.00332969386	0.227314647	0	100	0	0	0	3
173	46	0	3.00825991	-0.00329327915	-0.0110968741	-0.0205386241	-0.000679684129	0.00272368784	0.227314647	0	100	0	0	0	3
174	46	0	3.0256487	-0.0053820147	-0.0110596947	-0.0205386241	-0.000679684129	0.00276086731	0.227314647	0	100	0	0	0	3
175	46	0	3.04303748	-0.00687034619	-0.0110861267	-0.0205386241	-0.000679684129	0.00276086731	0.227314647	0	100	0	0	0	3
176	47	0	3.06042627	-0.00745517209	-0.011129225	-0.0205386241	-0.000679684129	0.00276086731	0.227314647	0	100	0	0	0	3
177	47	0	3.07781505	-0.00781466639	-0.0111570652	-0.0205386241	-0.000679684129	0.00276086731	0.227314647	0	100	0	0	0	3
178	47	0	3.09520384	-0.00803462288	-0.0111540065	-0.0205386241	-0.000679684129	0.00276086731	0.227314647	0	100	0	0	0	3
179	47	0	3.11259262	-0.00831380835	-0.0110841687	-0.0205386241	-0.000679684129	0.00276086731	0.227314647	0	100	0	0	0	3
180	47	0	3.12998141	-0.00862189642	-0.0109392402	-0.0205386241	-0.000679684129	0.00288132176	0.227314647	0	100	0	0	0	3
181	48	0	3.1473702	-0.00840538289	-0.010692117	-0.0205386241	-0.000679684129	0.00312844497	0.227314647	0	100	0	0	0	3
182	48	0	3.16475898	-0.00797067235	-0.010362803	-0.0205386241	-0.000679684129	0.00345775899	0.227314647	0	100	0	0	0	3
183	48	0	3.18214777	-0.00728786444	-0.0099446075	-0.0205386241	-0.000679684129	0.00387595446	0.227314647	0	100	0	0	0	3
184	49	0	3.19953655	-0.00650745806	-0.00947422328	-0.0205386241	-0.000679684129	0.00434633868	0.227314647	0	100	0	0	0	3
185	49	0	3.21692534	-0.00569521015	-0.00897001769	-0.0205386241	-0.000679684129	0.00483205874	0.227314647	0	100	0	0	0	3
186	49	0	3.23431412	-0.00518938103	-0.00844073344	-0.0195767215	-0.000679684129	0.00526188684	0.227314647	0	100	0	0	0	3
187	49	0	3.25170291	-0.00454075932	-0.00792225199	-0.0171604225	-0.000679684129	0.00559437075	0.227314647	0	100	0	0	0	3
188	50	0	3.26909169	-0.00340320296	-0.00744786511	-0.0149188769	-0.000679684129	0.00583142497	0.227314647	0	100	0	0	0	3
189	50	0	3.28648048	-0.00284000709	-0.00703135236	-0.0133673936	-0.000679684129	0.00600727293	0.227314647	0	100	0	0	0	3
190	50	0	3.30386927	-0.00202901763	-0.00664037388	-0.0126219232	-0.000679684129	0.00621120911	0.227314647	0	100	0	0	0	3
191	50	0	3.32125805	-0.00175822197	-0.00627800447	-0.0126219232	-0.000679684129	0.00643986664	0.227314647	0	100	0	0	0	3
192	51	0	3.33864684	-0.00129333922	-0.00590141671	-0.0126219232	-0.000679684129	0.00676467943	0.227314647	0	100	0	0	0	3
193	51	0	3.35603562	-0.00176330765	-0.00552698169	-0.0120690337	-0.000679684129	0.00709004976	0.227314647	0	100	0	0	0	3
194	51	0	3.37342441	-0.003243451	-0.00522265125	-0.0107778606	-0.000679684129	0.0073417874	0.227314647	0	100	0	0	0	3
195	51	0	3.39081319	-0.00465831863	-0.00501163256	-0.0088448922	-0.000679684129	0.00745591496	0.227314647	0	100	0	0	0	3
196	52	0	3.40820198	-0.00638594015	-0.00492684111	-0.00862189642	-0.000679684129	0.00738872911	0.227314647	0	100	0	0	0	3
197	52	0	3.42559077	-0.00701056771	-0.00493841554	-0.00862189642	-0.000679684129	0.00715399516	0.227314647	0	100	0	0	0	3
