Iteration	CPUTime	PhysTime	Travels	Value	AvValue	MinValue	MaxValue	Delta	Criteria	Progress	dGMaxMin	CriteriaType	CriteriaVarType	CriteriaPercentage
1	2	0	0.0173887856	102547.259	102547.259	102547.259	102547.259	0	0	0	0	5.06956e+06	0	0	3
2	2	0	0.0347775712	104941.307	103744.283	102547.259	104941.307	1197.02377	0	0	0	4.87877e+06	0	0	3
3	3	0	0.0521663568	108316.708	105268.425	102547.259	108316.708	2721.16531	0	0	0	4.64226e+06	0	0	3
4	3	0	0.0695551424	112892.04	107174.329	102547.259	112892.04	4627.06911	0	0	0	4.52448e+06	0	0	3
5	3	0	0.0869439281	119274.195	109594.302	102547.259	119274.195	7047.04242	0	0	0	4.53547e+06	0	0	3
6	3	0	0.104332714	129683.726	112942.539	102547.259	129683.726	10395.2798	0	0	0	5.08126e+06	0	0	3
7	4	0	0.121721499	141578.164	117033.343	102547.259	141578.164	14486.0833	0	0	0	4.36262e+06	0	0	3
8	4	0	0.139110285	154094.457	121665.982	102547.259	154094.457	19118.7226	0	0	0	4.93663e+06	0	0	3
9	4	0	0.15649907	167552.327	126764.465	102547.259	167552.327	24217.2053	0	0	0	5.06947e+06	0	0	3
10	4	0	0.173887856	178929.416	131980.96	102547.259	178929.416	29433.7004	0	0	0	4.917e+06	0	0	3
11	4	0	0.191276642	175301.396	135919.181	102547.259	178929.416	33371.9219	0	0	0	5.06947e+06	0	0	3
12	5	0	0.208665427	170051.136	138763.511	102547.259	178929.416	36216.2515	0	0	0	5.06946e+06	0	0	3
13	5	0	0.226054213	162413.453	140582.737	102547.259	178929.416	38035.4778	0	0	0	5.06947e+06	0	0	3
14	5	0	0.243442999	166361.072	142424.047	102547.259	178929.416	39876.7874	0	0	0	5.06947e+06	0	0	3
15	5	0	0.260831784	168678.949	144174.374	102547.259	178929.416	41627.1143	0	0	0	5.06947e+06	0	0	3
16	5	0	0.27822057	174214.051	146051.854	102547.259	178929.416	43504.5941	0	0	0	5.06947e+06	0	0	3
17	6	0	0.295609355	184514.443	148314.359	102547.259	184514.443	45767.0994	0	0	0	5.06947e+06	0	0	3
18	6	0	0.312998141	197865.149	151067.181	102547.259	197865.149	48519.9211	0	0	0	5.06946e+06	0	0	3
19	6	0	0.330386927	214082.967	154383.801	102547.259	214082.967	51836.5414	0	0	0	5.06947e+06	0	0	3
20	6	0	0.347775712	233137.708	158321.496	102547.259	233137.708	55774.2368	0	0	0	5.06947e+06	0	0	3
21	7	0	0.365164498	254722.529	162912.022	102547.259	254722.529	60364.7621	0	0	0	5.06946e+06	0	0	3
22	7	0	0.382553283	274210.007	167971.021	102547.259	274210.007	65423.7615	0	0	0	5.06954e+06	0	0	3
23	7	0	0.399942069	295763.917	173527.234	102547.259	295763.917	70979.9744	0	0	0	5.0746e+06	0	0	3
24	7	0	0.417330855	320167.858	179637.26	102547.259	320167.858	77090.0004	0	0	0	5.07895e+06	0	0	3
25	7	0	0.43471964	343964.318	186210.342	102547.259	343964.318	83663.0827	0	0	0	5.08278e+06	0	0	3
26	8	0	0.452108426	375851.03	193504.215	102547.259	375851.03	90956.9553	0	0	0	5.08694e+06	0	0	3
27	8	0	0.469497211	411537.213	201579.511	102547.259	411537.213	99032.2516	0	0	0	5.09106e+06	0	0	3
28	8	0	0.486885997	444007.517	210237.654	102547.259	444007.517	107690.395	0	0	0	5.09414e+06	0	0	3
29	9	0	0.504274783	480381.992	219552.976	102547.259	480381.992	117005.717	0	0	0	5.09761e+06	0	0	3
30	9	0	0.521663568	520910.589	233979.298	104941.307	520910.589	130235.015	0	0	0	5.10061e+06	0	0	3
31	9	0	0.539052354	571469.002	250066.46	108316.708	571469.002	144798.035	0	0	0	5.10269e+06	0	0	3
32	10	0	0.55644114	627199.658	267958.975	112892.04	627199.658	160784.647	0	0	0	5.10425e+06	0	0	3
33	10	0	0.573829925	688429.173	287805.083	119274.195	688429.173	178210.781	0	0	0	5.10507e+06	0	0	3
34	10	0	0.591218711	755861.239	309756.361	129683.726	755861.239	196813.821	0	0	0	5.10544e+06	0	0	3
35	10	0	0.608607496	829922.824	333902.536	141578.164	829922.824	216869.194	0	0	0	5.10556e+06	0	0	3
36	11	0	0.625996282	911236.839	360442.491	154094.457	911236.839	238776.509	0	0	0	5.10547e+06	0	0	3
37	11	0	0.643385068	1000654.21	389634.206	162413.453	1000654.21	262869.742	0	0	0	5.10503e+06	0	0	3
38	11	0	0.660773853	1099028.85	421754.086	162413.453	1099028.85	289773.126	0	0	0	5.10397e+06	0	0	3
39	12	0	0.678162639	1207277.46	457214.364	162413.453	1207277.46	321295.182	0	0	0	5.10224e+06	0	0	3
40	12	0	0.695551424	1326395.1	496907.25	162413.453	1326395.1	358143.739	0	0	0	5.10112e+06	0	0	3
41	12	0	0.71294021	1457441.17	541300.01	162413.453	1457441.17	400717.273	0	0	0	5.10069e+06	0	0	3
42	13	0	0.730328996	1601619.05	590927.789	166361.072	1601619.05	448503.742	0	0	0	5.47796e+06	0	0	3
43	13	0	0.747717781	1760228.29	645888.728	168678.949	1760228.29	501714.354	0	0	0	6.03116e+06	0	0	3
44	13	0	0.765106567	1934693.04	706785.765	174214.051	1934693.04	560733.912	0	0	0	7.06276e+06	0	0	3
45	14	0	0.782495352	2105373.34	773377.465	184514.443	2105373.34	625063.106	0	0	0	7.30891e+06	0	0	3
46	14	0	0.799884138	2057616.64	837967.196	197865.149	2105373.34	686900.015	0	0	0	7.98627e+06	0	0	3
47	14	0	0.817272924	1983688.2	899547.301	214082.967	2105373.34	745163.5	0	0	0	8.21291e+06	0	0	3
48	15	0	0.834661709	1920014.74	958372.535	233137.708	2105373.34	800051.039	0	0	0	7.82829e+06	0	0	3
49	15	0	0.852050495	1825190.97	1013270.92	254722.529	2105373.34	850358.902	0	0	0	7.4307e+06	0	0	3
50	15	0	0.869439281	1783490.03	1065987.04	274210.007	2105373.34	898016.023	0	0	0	7.13872e+06	0	0	3
51	15	0	0.886828066	1729124.88	1116156.52	295763.917	2105373.34	942629.288	0	0	0	6.91659e+06	0	0	3
52	15	0	0.904216852	1684190.75	1164033.31	320167.858	2105373.34	984396.049	0	0	0	6.76017e+06	0	0	3
53	16	0	0.921605637	1645101.48	1209720.68	343964.318	2105373.34	1023510.33	0	0	0	6.63323e+06	0	0	3
54	16	0	0.938994423	1629256.08	1254041.08	375851.03	2105373.34	1060536.87	0	0	0	6.55145e+06	0	0	3
55	16	0	0.956383209	1612409.29	1296681.02	411537.213	2105373.34	1095101.51	0	0	0	6.44282e+06	0	0	3
56	16	0	0.973771994	1604257.14	1337809.29	444007.517	2105373.34	1127571.64	0	0	0	6.32986e+06	0	0	3
57	17	0	0.99116078	1602676.97	1377763.41	480381.992	2105373.34	1158210.44	0	0	0	6.25616e+06	0	0	3
58	17	0	1.00854957	1603000.23	1416474.39	520910.589	2105373.34	1182495.09	59911.6991	0	5	6.14907e+06	0	0	3
59	17	0	1.02593835	1604165.42	1453828	571469.002	2105373.34	1203761.54	59911.6991	0	4.9	6.07807e+06	0	0	3
60	17	0	1.04332714	1606349.36	1489513.53	627199.658	2105373.34	1221554.56	59911.6991	0	4.9	6.0187e+06	0	0	3
61	18	0	1.06071592	1603486.28	1523178.59	688429.173	2105373.34	1235373.5	59911.6991	0	4.8	5.9638e+06	0	0	3
62	18	0	1.07810471	1598750.3	1554568.97	755861.239	2105373.34	1244812.61	59911.6991	0	4.8	5.91832e+06	0	0	3
63	18	0	1.09549349	1594153.44	1583475.6	829922.824	2105373.34	1249573.06	59911.6991	0	4.7	5.86755e+06	0	0	3
64	18	0	1.11288228	1590682.77	1609708.7	911236.839	2105373.34	1194136.5	59911.6991	0	5	5.82203e+06	0	0	3
65	19	0	1.13027106	1588623.4	1633066.86	1000654.21	2105373.34	1104719.13	59911.6991	0	5.4	5.77476e+06	0	0	3
66	19	0	1.14765985	1587237.71	1653293.88	1099028.85	2105373.34	1006344.5	59911.6991	0	5.9	5.73086e+06	0	0	3
67	19	0	1.16504864	1586739.58	1670111.49	1207277.46	2105373.34	898095.882	59911.6991	0	6.6	5.7003e+06	0	0	3
68	20	0	1.18243742	1581762.65	1683024.77	1326395.1	2105373.34	778978.243	59911.6991	0	7.6	5.65835e+06	0	0	3
69	20	0	1.19982621	1574357.96	1691575.21	1457441.17	2105373.34	647932.169	59911.6991	0	9.2	5.62702e+06	0	0	3
70	20	0	1.21721499	1570528.37	1695474.77	1570528.37	2105373.34	534844.972	59911.6991	0	11.2	5.5869e+06	0	0	3
71	20	0	1.23460378	1564691.01	1694201.39	1564691.01	2105373.34	540682.328	59911.6991	0	11	5.5536e+06	0	0	3
72	21	0	1.25199256	1559008.38	1687262.77	1559008.38	2105373.34	546364.968	59911.6991	0	10.9	5.53152e+06	0	0	3
73	21	0	1.26938135	1554798.16	1674162.95	1554798.16	2105373.34	550575.179	59911.6991	0	10.8	5.50089e+06	0	0	3
74	21	0	1.28677014	1551735.6	1655071.99	1551735.6	2057616.64	505881.037	59911.6991	0	11.8	5.47985e+06	0	0	3
75	21	0	1.30415892	1549104.66	1637537.1	1549104.66	1983688.2	434583.546	59911.6991	0	13.7	5.45757e+06	0	0	3
76	22	0	1.32154771	1545573.93	1622429.71	1545573.93	1920014.74	374440.81	59911.6991	0	16	5.43835e+06	0	0	3
77	22	0	1.33893649	1539999.49	1609325.73	1539999.49	1825190.97	285191.474	59911.6991	0	21	5.41381e+06	0	0	3
78	22	0	1.35632528	1536487.66	1599370.45	1536487.66	1783490.03	247002.37	59911.6991	0	24.2	5.38636e+06	0	0	3
79	22	0	1.37371406	1533190.88	1590739.44	1533190.88	1729124.88	195933.996	59911.6991	0	30.5	5.37602e+06	0	0	3
80	23	0	1.39110285	1532369.54	1583954.78	1532369.54	1684190.75	151821.203	59911.6991	0	39.4	5.3538e+06	0	0	3
81	23	0	1.40849163	1531191.06	1578678.92	1531191.06	1645101.48	113910.424	59911.6991	0	52.5	5.3418e+06	0	0	3
82	23	0	1.42588042	1530269.61	1574719.21	1530269.61	1629256.08	98986.4725	59911.6991	0	60.5	5.32763e+06	0	0	3
83	23	0	1.44326921	1528023.33	1571228.42	1528023.33	1612409.29	84385.9652	59911.6991	0	70.9	5.31414e+06	0	0	3
84	24	0	1.46065799	1525788.76	1568241.51	1525788.76	1606349.36	80560.6073	59911.6991	0	74.3	5.30613e+06	0	0	3
85	24	0	1.47804678	1523843.41	1565468.62	1523843.41	1606349.36	82505.9509	59911.6991	0	72.6	5.29325e+06	0	0	3
86	24	0	1.49543556	1522061.97	1562688.79	1522061.97	1606349.36	84287.3954	59911.6991	0	71	5.28544e+06	0	0	3
87	24	0	1.51282435	1520425.55	1559841.39	1520425.55	1606349.36	85923.8141	59911.6991	0	69.7	5.27296e+06	0	0	3
88	25	0	1.53021313	1517830.96	1556864.34	1517830.96	1606349.36	88518.4055	59911.6991	0	67.6	5.26705e+06	0	0	3
89	25	0	1.54760192	1515062.48	1553716.51	1515062.48	1603486.28	88423.7937	59911.6991	0	67.7	5.25921e+06	0	0	3
90	25	0	1.5649907	1513484.9	1550613.02	1513484.9	1598750.3	85265.4051	59911.6991	0	70.2	5.25379e+06	0	0	3
91	25	0	1.58237949	1512049.3	1547623.33	1512049.3	1594153.44	82104.1348	59911.6991	0	72.9	5.24619e+06	0	0	3
92	26	0	1.59976828	1509458.09	1544702.8	1509458.09	1590682.77	81224.681	59911.6991	0	73.7	5.23857e+06	0	0	3
93	26	0	1.61715706	1507500.55	1541834.45	1507500.55	1588623.4	81122.844	59911.6991	0	73.8	5.23264e+06	0	0	3
94	26	0	1.63454585	1505095.05	1538954.16	1505095.05	1587237.71	82142.6565	59911.6991	0	72.9	5.22806e+06	0	0	3
95	26	0	1.65193463	1503235.55	1536057.53	1503235.55	1586739.58	83504.0257	59911.6991	0	71.7	5.22273e+06	0	0	3
96	27	0	1.66932342	1501730.29	1533126.18	1501730.29	1581762.65	80032.3596	59911.6991	0	74.8	5.21758e+06	0	0	3
97	27	0	1.6867122	1500406.78	1530320.8	1500406.78	1574357.96	73951.1792	59911.6991	0	81	5.21307e+06	0	0	3
98	27	0	1.70410099	1498246.49	1527696.27	1498246.49	1570528.37	72281.8861	59911.6991	0	82.8	5.20773e+06	0	0	3
99	27	0	1.72148978	1496681.33	1525149.82	1496681.33	1564691.01	68009.6816	59911.6991	0	88	5.20475e+06	0	0	3
100	28	0	1.73887856	1496174.71	1522787.19	1496174.71	1559008.38	62833.6627	59911.6991	0	95.3	5.2021e+06	0	0	3
101	28	0	1.75626735	1496064.05	1520616.7	1496064.05	1554798.16	58734.1159	59911.6991	0	100	5.19987e+06	0	0	3
102	28	0	1.77365613	1495649.06	1518577.07	1495649.06	1551735.6	56086.5379	59911.6991	0	100	5.19753e+06	0	0	3
103	29	0	1.79104492	1495706.13	1516645.02	1495649.06	1549104.66	53455.5965	59911.6991	0	100	5.19606e+06	0	0	3
104	29	0	1.8084337	1494904.61	1514776.05	1494904.61	1545573.93	50669.3259	59911.6991	0	100	5.19576e+06	0	0	3
105	29	0	1.82582249	1494200	1513004.54	1494200	1539999.49	45799.4989	59911.6991	0	100	5.19514e+06	0	0	3
106	29	0	1.84321127	1494631.76	1511440.13	1494200	1536487.66	42287.6599	59911.6991	0	100	5.19301e+06	0	0	3
107	30	0	1.86060006	1495033.99	1510010.7	1494200	1533190.88	38990.8865	59911.6991	0	100	5.1912e+06	0	0	3
108	30	0	1.87798885	1495286.52	1508703.65	1494200	1532369.54	38169.5483	59911.6991	0	100	5.19036e+06	0	0	3
109	30	0	1.89537763	1495360.27	1507427.47	1494200	1531191.06	36991.0609	59911.6991	0	100	5.19021e+06	0	0	3
110	30	0	1.91276642	1494951.23	1506177.82	1494200	1530269.61	36069.6145	59911.6991	0	100	5.18979e+06	0	0	3
111	30	0	1.9301552	1493808.1	1504920.52	1493808.1	1528023.33	34215.2292	59911.6991	0	100	5.18898e+06	0	0	3
112	31	0	1.94754399	1492947.62	1503711.02	1492947.62	1525788.76	32841.1348	59911.6991	0	100	5.18739e+06	0	0	3
113	31	0	1.96493277	1492326.84	1502557.16	1492326.84	1523843.41	31516.5672	59911.6991	0	100	5.18709e+06	0	0	3
114	31	0	1.98232156	1491837.99	1501453.52	1491837.99	1522061.97	30223.977	59911.6991	0	100	5.18545e+06	0	0	3
115	32	0	1.99971035	1490969.95	1500381.38	1490969.95	1520425.55	29455.5978	59911.6991	0	100	5.18599e+06	0	0	3
116	32	0	2.01709913	1490966.33	1499365.55	1490966.33	1517830.96	26864.6303	59911.6991	0	100	5.18597e+06	0	0	3
117	32	0	2.03448792	1490534.63	1498424.3	1490534.63	1515062.48	24527.8512	59911.6991	0	100	5.18652e+06	0	0	3
118	32	0	2.0518767	1489770.59	1497552.16	1489770.59	1513484.9	23714.3072	59911.6991	0	100	5.18727e+06	0	0	3
119	32	0	2.06926549	1488485.58	1496690.12	1488485.58	1512049.3	23563.7239	59911.6991	0	100	5.18642e+06	0	0	3
120	33	0	2.08665427	1488293.55	1495870.95	1488293.55	1509458.09	21164.5472	59911.6991	0	100	5.18558e+06	0	0	3
121	33	0	2.10404306	1487672.67	1495119.73	1487672.67	1507500.55	19827.8829	59911.6991	0	100	5.18367e+06	0	0	3
122	33	0	2.12143184	1487227.64	1494420.67	1487227.64	1505095.05	17867.4115	59911.6991	0	100	5.18521e+06	0	0	3
123	33	0	2.13882063	1487227.15	1493804.53	1487227.15	1503235.55	16008.4078	59911.6991	0	100	5.18541e+06	0	0	3
124	34	0	2.15620942	1487427.03	1493259.41	1487227.15	1501730.29	14503.1416	59911.6991	0	100	5.18694e+06	0	0	3
125	34	0	2.1735982	1487635.59	1492773.39	1487227.15	1500406.78	13179.6365	59911.6991	0	100	5.18662e+06	0	0	3
126	34	0	2.19098699	1488390.76	1492359.04	1487227.15	1498246.49	11019.3389	59911.6991	0	100	5.18749e+06	0	0	3
127	35	0	2.20837577	1488768.37	1492032.21	1487227.15	1496681.33	9454.18694	59911.6991	0	100	5.18587e+06	0	0	3
128	35	0	2.22576456	1489819.62	1491795.6	1487227.15	1496174.71	8947.56613	59911.6991	0	100	5.18551e+06	0	0	3
129	35	0	2.24315334	1490275.96	1491592.19	1487227.15	1496064.05	8836.90172	59911.6991	0	100	5.18431e+06	0	0	3
130	35	0	2.26054213	1490101.7	1491386.59	1487227.15	1495706.13	8478.98023	59911.6991	0	100	5.18402e+06	0	0	3
131	35	0	2.27793091	1489196.14	1491164.08	1487227.15	1495706.13	8478.98023	59911.6991	0	100	5.1846e+06	0	0	3
132	36	0	2.2953197	1488990.71	1490932.51	1487227.15	1495360.27	8133.12526	59911.6991	0	100	5.18442e+06	0	0	3
133	36	0	2.31270849	1488856.21	1490723.95	1487227.15	1495360.27	8133.12526	59911.6991	0	100	5.18476e+06	0	0	3
134	36	0	2.33009727	1488621.48	1490531.59	1487227.15	1495360.27	8133.12526	59911.6991	0	100	5.18478e+06	0	0	3
135	36	0	2.34748606	1487808.26	1490296.29	1487227.15	1495360.27	8133.12526	59911.6991	0	100	5.18609e+06	0	0	3
136	37	0	2.36487484	1487250.25	1490027.89	1487227.15	1495360.27	8133.12526	59911.6991	0	100	5.18589e+06	0	0	3
137	37	0	2.38226363	1487733.52	1489767.44	1487227.15	1495360.27	8133.12526	59911.6991	0	100	5.18703e+06	0	0	3
138	37	0	2.39965241	1487893.58	1489509.97	1487227.15	1494951.23	7724.08359	59911.6991	0	100	5.18527e+06	0	0	3
139	37	0	2.4170412	1487137.96	1489240.54	1487137.96	1493808.1	6670.14275	59911.6991	0	100	5.18442e+06	0	0	3
140	38	0	2.43442999	1486398.55	1488985.04	1486398.55	1492947.62	6549.07375	59911.6991	0	100	5.18327e+06	0	0	3
141	38	0	2.45181877	1485220.33	1488718.58	1485220.33	1492326.84	7106.51817	59911.6991	0	100	5.18396e+06	0	0	3
142	38	0	2.46920756	1484707.29	1488455.84	1484707.29	1491837.99	7130.70145	59911.6991	0	100	5.18341e+06	0	0	3
143	38	0	2.48659634	1484835.38	1488214.37	1484707.29	1490969.95	6262.66198	59911.6991	0	100	5.18305e+06	0	0	3
144	39	0	2.50398513	1485664.96	1488031.44	1484707.29	1490966.33	6259.03798	59911.6991	0	100	5.18325e+06	0	0	3
145	39	0	2.52137391	1486228.21	1487868.06	1484707.29	1490534.63	5827.34402	59911.6991	0	100	5.1833e+06	0	0	3
146	39	0	2.5387627	1485925.05	1487709.11	1484707.29	1490275.96	5568.6685	59911.6991	0	100	5.18404e+06	0	0	3
147	39	0	2.55615148	1485781.54	1487571.55	1484707.29	1490275.96	5568.6685	59911.6991	0	100	5.18414e+06	0	0	3
148	40	0	2.57354027	1487148.69	1487525.45	1484707.29	1490275.96	5568.6685	59911.6991	0	100	5.18544e+06	0	0	3
149	40	0	2.59092906	1486809.82	1487474.29	1484707.29	1490275.96	5568.6685	59911.6991	0	100	5.18586e+06	0	0	3
150	40	0	2.60831784	1486747.69	1487442.39	1484707.29	1490275.96	5568.6685	59911.6991	0	100	5.1866e+06	0	0	3
151	40	0	2.62570663	1485925.97	1487397.51	1484707.29	1490275.96	5568.6685	59911.6991	0	100	5.18726e+06	0	0	3
152	41	0	2.64309541	1485703.96	1487344.98	1484707.29	1490275.96	5568.6685	59911.6991	0	100	5.18681e+06	0	0	3
153	41	0	2.6604842	1484850.55	1487256.14	1484707.29	1490275.96	5517.24465	59911.6991	0	100	5.18516e+06	0	0	3
154	41	0	2.67787298	1484999.42	1487165.24	1484707.29	1490275.96	5193.8015	59911.6991	0	100	5.18569e+06	0	0	3
155	41	0	2.69526177	1484342.18	1487025.63	1484342.18	1490275.96	5006.57608	59911.6991	0	100	5.18452e+06	0	0	3
156	42	0	2.71265056	1483519.15	1486844.62	1483519.15	1490275.96	4950.97271	59911.6991	0	100	5.18377e+06	0	0	3
157	42	0	2.73003934	1482192.89	1486581.63	1482192.89	1490275.96	5010.55804	59911.6991	0	100	5.18309e+06	0	0	3
158	42	0	2.74742813	1482678.92	1486319.67	1482192.89	1490101.7	5066.92671	59911.6991	0	100	5.18367e+06	0	0	3
159	42	0	2.76481691	1482791.42	1486067.59	1482192.89	1489196.14	5096.49067	59911.6991	0	100	5.18404e+06	0	0	3
160	43	0	2.7822057	1483557.38	1485873.15	1482192.89	1488990.71	5059.36467	59911.6991	0	100	5.18478e+06	0	0	3
161	43	0	2.79959448	1483120.02	1485670.71	1482192.89	1488856.21	5053.23697	59911.6991	0	100	5.1845e+06	0	0	3
162	43	0	2.81698327	1482898.84	1485465.28	1482192.89	1488621.48	5066.30095	59911.6991	0	100	5.18415e+06	0	0	3
163	43	0	2.83437205	1483034.15	1485272.62	1482192.89	1487893.58	5023.67448	59911.6991	0	100	5.18416e+06	0	0	3
164	44	0	2.85176084	1483449.61	1485122.32	1482192.89	1487893.58	4905.56774	59911.6991	0	100	5.18439e+06	0	0	3
165	44	0	2.86914963	1483132.87	1484980.34	1482192.89	1487893.58	4787.09787	59911.6991	0	100	5.18454e+06	0	0	3
166	44	0	2.88653841	1483554.18	1484836.23	1482192.89	1487893.58	4673.74089	59911.6991	0	100	5.18465e+06	0	0	3
167	44	0	2.9039272	1482609.45	1484654.01	1482192.89	1487148.69	4586.52902	59911.6991	0	100	5.18412e+06	0	0	3
168	45	0	2.92131598	1482295.84	1484487.04	1482192.89	1487148.69	4497.99685	59911.6991	0	100	5.18418e+06	0	0	3
169	45	0	2.93870477	1482163.36	1484341	1482163.36	1487148.69	4377.57935	59911.6991	0	100	5.18365e+06	0	0	3
170	45	0	2.95609355	1482629.13	1484251.65	1482163.36	1487148.69	4204.18783	59911.6991	0	100	5.18388e+06	0	0	3
171	45	0	2.97348234	1482145.14	1484163.3	1482145.14	1487148.69	4051.06866	59911.6991	0	100	5.18341e+06	0	0	3
172	46	0	2.99087112	1481673.62	1484054.28	1481673.62	1487148.69	3977.16431	59911.6991	0	100	5.18278e+06	0	0	3
173	46	0	3.00825991	1481276.17	1483902.94	1481276.17	1487148.69	3965.11867	59911.6991	0	100	5.18324e+06	0	0	3
174	46	0	3.0256487	1481547.75	1483741.54	1481276.17	1487148.69	3967.56293	59911.6991	0	100	5.18327e+06	0	0	3
175	46	0	3.04303748	1482083.21	1483609.07	1481276.17	1487148.69	3962.4869	59911.6991	0	100	5.18311e+06	0	0	3
176	47	0	3.06042627	1482592.04	1483499.08	1481276.17	1487148.69	4026.37016	59911.6991	0	100	5.18319e+06	0	0	3
177	47	0	3.07781505	1482647.32	1483343.86	1481276.17	1486809.82	4130.42687	59911.6991	0	100	5.18254e+06	0	0	3
178	47	0	3.09520384	1482754.3	1483204.02	1481276.17	1486747.69	4238.3762	59911.6991	0	100	5.18329e+06	0	0	3
179	47	0	3.11259262	1483320.69	1483085.85	1481276.17	1485925.97	4311.66341	59911.6991	0	100	5.18365e+06	0	0	3
180	47	0	3.12998141	1483814.33	1483013.03	1481276.17	1485703.96	4331.95497	59911.6991	0	100	5.18388e+06	0	0	3
181	48	0	3.1473702	1484241.33	1482962.59	1481276.17	1484999.42	3723.24736	59911.6991	0	100	5.18366e+06	0	0	3
182	48	0	3.16475898	1484296.79	1482943.5	1481276.17	1484999.42	3723.24736	59911.6991	0	100	5.18371e+06	0	0	3
183	48	0	3.18214777	1483625.77	1482896.13	1481276.17	1484342.18	3066.00743	59911.6991	0	100	5.18411e+06	0	0	3
184	49	0	3.19953655	1483966.47	1482883.18	1481276.17	1484296.79	3020.61778	59911.6991	0	100	5.18517e+06	0	0	3
185	49	0	3.21692534	1483993.99	1482899.55	1481276.17	1484296.79	3020.61778	59911.6991	0	100	5.18552e+06	0	0	3
186	49	0	3.23431412	1484156.94	1482967.28	1481276.17	1484296.79	3020.61778	59911.6991	0	100	5.18648e+06	0	0	3
187	49	0	3.25170291	1484050.42	1483014.57	1481276.17	1484296.79	3020.61778	59911.6991	0	100	5.18682e+06	0	0	3
188	50	0	3.26909169	1483752.07	1483047.7	1481276.17	1484296.79	2989.97189	59911.6991	0	100	5.18605e+06	0	0	3
189	50	0	3.28648048	1483341.52	1483040.25	1481276.17	1484296.79	2787.53432	59911.6991	0	100	5.18484e+06	0	0	3
190	50	0	3.30386927	1482898.44	1483032.61	1481276.17	1484296.79	2582.10779	59911.6991	0	100	5.18356e+06	0	0	3
191	50	0	3.32125805	1482650.1	1483024.03	1481276.17	1484296.79	2389.44111	59911.6991	0	100	5.18285e+06	0	0	3
192	51	0	3.33864684	1482593.68	1483008.85	1481276.17	1484296.79	2239.14277	59911.6991	0	100	5.184e+06	0	0	3
193	51	0	3.35603562	1482068.09	1482961.21	1481276.17	1484296.79	2097.16442	59911.6991	0	100	5.18432e+06	0	0	3
194	51	0	3.37342441	1481523.32	1482905.71	1481276.17	1484296.79	1953.04925	59911.6991	0	100	5.18509e+06	0	0	3
195	51	0	3.39081319	1481482.25	1482834.26	1481276.17	1484296.79	1819.75548	59911.6991	0	100	5.18472e+06	0	0	3
196	52	0	3.40820198	1482719.14	1482838.04	1481276.17	1484296.79	1652.78582	59911.6991	0	100	5.18461e+06	0	0	3
197	52	0	3.42559077	1483042.7	1482863.8	1481276.17	1484296.79	1506.74489	59911.6991	0	100	5.1842e+06	0	0	3
