Iteration	CPUTime	PhysTime	Travels	Value	AvValue	MinValue	MaxValue	Delta	Criteria	Progress	dGMaxMin	CriteriaType	CriteriaVarType	CriteriaPercentage
1	11	0	0.0108260664	-531.243953	-531.243953	-531.243953	-531.243953	0	0	0	0	0	0	0	3
2	13	0	0.0216521329	-822.364285	-676.804119	-822.364285	-531.243953	145.560166	0	0	0	0	0	0	3
3	16	0	0.0324781993	-1089.06265	-814.223628	-1089.06265	-531.243953	282.979675	0	0	0	0	0	0	3
4	18	0	0.0433042658	-1302.75614	-936.356755	-1302.75614	-531.243953	405.112802	0	0	0	0	0	0	3
5	20	0	0.0541303322	-1456.82232	-1040.44987	-1456.82232	-531.243953	509.205916	0	0	0	0	0	0	3
6	22	0	0.0649563987	-1565.72122	-1127.99509	-1565.72122	-531.243953	596.751141	0	0	0	0	0	0	3
7	24	0	0.0757824651	-1623.09878	-1198.72419	-1623.09878	-531.243953	667.480239	0	0	0	0	0	0	3
8	26	0	0.0866085316	-1572.13823	-1245.40095	-1623.09878	-531.243953	714.156993	0	0	0	0	0	0	3
9	28	0	0.097434598	-1464.16683	-1269.70827	-1623.09878	-531.243953	738.464313	0	0	0	0	0	0	3
10	30	0	0.108260664	-1338.48655	-1276.58609	-1623.09878	-531.243953	745.342142	0	0	0	0	0	0	3
11	32	0	0.119086731	-1190.20387	-1268.73317	-1623.09878	-531.243953	745.342142	0	0	0	0	0	0	3
12	33	0	0.129912797	-1113.11841	-1255.76527	-1623.09878	-531.243953	745.342142	0	0	0	0	0	0	3
13	35	0	0.140738864	-1043.55871	-1239.44169	-1623.09878	-531.243953	745.342142	0	0	0	0	0	0	3
14	37	0	0.15156493	-985.748083	-1221.32072	-1623.09878	-531.243953	745.342142	0	0	0	0	0	0	3
15	39	0	0.162390997	-937.777648	-1202.41784	-1623.09878	-531.243953	745.342142	0	0	0	0	0	0	3
16	41	0	0.173217063	-897.031542	-1183.3312	-1623.09878	-531.243953	745.342142	0	0	0	0	0	0	3
17	43	0	0.18404313	-852.659675	-1163.87993	-1623.09878	-531.243953	745.342142	0	0	0	0	0	0	3
18	45	0	0.194869196	-809.927086	-1144.21589	-1623.09878	-531.243953	745.342142	0	0	0	0	0	0	3
19	47	0	0.205695262	-769.808125	-1124.51022	-1623.09878	-531.243953	745.342142	0	0	0	0	0	0	3
20	49	0	0.216521329	-740.221507	-1105.29578	-1623.09878	-531.243953	745.342142	0	0	0	0	0	0	3
21	51	0	0.227347395	-707.988018	-1086.37636	-1623.09878	-531.243953	745.342142	0	0	0	0	0	0	3
22	54	0	0.238173462	-682.863527	-1068.03487	-1623.09878	-531.243953	745.342142	0	0	0	0	0	0	3
23	56	0	0.248999528	-658.870192	-1050.2451	-1623.09878	-531.243953	745.342142	0	0	0	0	0	0	3
24	57	0	0.259825595	-637.519468	-1033.0482	-1623.09878	-531.243953	745.342142	0	0	0	0	0	0	3
25	59	0	0.270651661	-617.851162	-1016.44032	-1623.09878	-531.243953	745.342142	0	0	0	0	0	0	3
26	61	0	0.281477728	-597.678826	-1000.33411	-1623.09878	-531.243953	745.342142	0	0	0	0	0	0	3
27	63	0	0.292303794	-575.161772	-984.586984	-1623.09878	-531.243953	745.342142	0	0	0	0	0	0	3
28	65	0	0.30312986	-553.62461	-969.195471	-1623.09878	-531.243953	745.342142	0	0	0	0	0	0	3
29	67	0	0.313955927	-535.406351	-954.237225	-1623.09878	-531.243953	745.342142	0	0	0	0	0	0	3
30	69	0	0.324781993	-521.006394	-939.796198	-1623.09878	-521.006394	745.342142	0	0	0	0	0	0	3
31	71	0	0.33560806	-510.782172	-925.957036	-1623.09878	-510.782172	745.342142	0	0	0	0	0	0	3
32	73	0	0.346434126	-506.427239	-912.846729	-1623.09878	-506.427239	745.342142	0	0	0	0	0	0	3
33	75	0	0.357260193	-506.297998	-900.527071	-1623.09878	-506.297998	745.342142	0	0	0	0	0	0	3
34	77	0	0.368086259	-508.070693	-888.984236	-1623.09878	-506.297998	745.342142	0	0	0	0	0	0	3
35	79	0	0.378912326	-510.362844	-878.166482	-1623.09878	-506.297998	745.342142	0	0	0	0	0	0	3
36	81	0	0.389738392	-514.196009	-868.056191	-1623.09878	-506.297998	745.342142	0	0	0	0	0	0	3
37	83	0	0.400564458	-514.313852	-858.495588	-1623.09878	-506.297998	745.342142	0	0	0	0	0	0	3
38	85	0	0.411390525	-513.985924	-849.429544	-1623.09878	-506.297998	745.342142	0	0	0	0	0	0	3
39	87	0	0.422216591	-514.011014	-840.829069	-1623.09878	-506.297998	745.342142	0	0	0	0	0	0	3
40	89	0	0.433042658	-514.709327	-832.676075	-1623.09878	-506.297998	745.342142	0	0	0	0	0	0	3
41	92	0	0.443868724	-519.321522	-825.033281	-1623.09878	-506.297998	745.342142	0	0	0	0	0	0	3
42	94	0	0.454694791	-520.870697	-817.791315	-1623.09878	-506.297998	745.342142	0	0	0	0	0	0	3
43	96	0	0.465520857	-522.554231	-810.925336	-1623.09878	-506.297998	745.342142	0	0	0	0	0	0	3
44	98	0	0.476346924	-524.072765	-804.40596	-1623.09878	-506.297998	745.342142	0	0	0	0	0	0	3
45	99	0	0.48717299	-525.226229	-798.201966	-1623.09878	-506.297998	745.342142	0	0	0	0	0	0	3
46	102	0	0.497999056	-529.649562	-792.36387	-1623.09878	-506.297998	745.342142	0	0	0	0	0	0	3
47	104	0	0.508825123	-530.197563	-786.785863	-1623.09878	-506.297998	745.342142	0	0	0	0	0	0	3
48	106	0	0.519651189	-530.41402	-786.768205	-1623.09878	-506.297998	599.781976	0	0	0	0	0	0	3
49	107	0	0.530477256	-530.379072	-780.555754	-1623.09878	-506.297998	496.030341	0	0	0	0	0	0	3
50	109	0	0.541303322	-530.403773	-768.669395	-1623.09878	-506.297998	507.9167	0	0	0	0	0	0	3
51	111	0	0.552129389	-532.421419	-752.279294	-1623.09878	-506.297998	524.3068	0	0	0	0	0	0	3
52	113	0	0.562955455	-532.388554	-732.610491	-1623.09878	-506.297998	543.975604	0	0	0	0	0	0	3
53	115	0	0.573781522	-532.378447	-710.624474	-1623.09878	-506.297998	565.96162	0	0	0	0	0	0	3
54	117	0	0.584607588	-532.453094	-687.419247	-1572.13823	-506.297998	589.166847	0	0	0	0	0	0	3
55	119	0	0.595433654	-532.588401	-665.301166	-1464.16683	-506.297998	611.284929	0	0	0	0	0	0	3
56	121	0	0.606259721	-533.851019	-645.507212	-1338.48655	-506.297998	631.078882	0	0	0	0	0	0	3
57	122	0	0.617085787	-533.929675	-628.388981	-1190.20387	-506.297998	640.344184	0	0	0	0	0	0	3
58	124	0	0.627911854	-534.133651	-614.43004	-1113.11841	-506.297998	606.820415	0	0	0	0	0	0	3
59	126	0	0.63873792	-534.254662	-602.11379	-1043.55871	-506.297998	537.260716	0	0	0	0	0	0	3
60	128	0	0.649563987	-534.437303	-591.28142	-985.748083	-506.297998	479.450086	0	0	0	0	0	0	3
61	130	0	0.660390053	-535.159045	-581.694419	-937.777648	-506.297998	431.47965	0	0	0	0	0	0	3
62	132	0	0.67121612	-535.261368	-573.130243	-897.031542	-506.297998	390.733545	0	0	0	0	0	0	3
63	134	0	0.682042186	-535.304422	-565.433921	-852.659675	-506.297998	346.361677	0	0	0	0	0	0	3
64	136	0	0.692868252	-535.366892	-558.683011	-809.927086	-506.297998	303.629088	0	0	0	0	0	0	3
65	138	0	0.703694319	-535.357815	-552.841111	-769.808125	-506.297998	263.510127	0	0	0	0	0	0	3
66	140	0	0.714520385	-535.723556	-547.860588	-740.221507	-506.297998	233.923509	0	0	0	0	0	0	3
67	141	0	0.725346452	-535.666557	-543.508356	-707.988018	-506.297998	201.69002	0	0	0	0	0	0	3
68	143	0	0.736172518	-535.649858	-539.841586	-682.863527	-506.297998	176.565529	0	0	0	0	0	0	3
69	145	0	0.746998585	-535.610042	-536.708533	-658.870192	-506.297998	152.572194	0	0	0	0	0	0	3
70	147	0	0.757824651	-535.723716	-534.088396	-637.519468	-506.297998	131.22147	0	0	0	0	0	0	3
71	149	0	0.768650718	-536.197302	-531.932605	-617.851162	-506.297998	111.553164	0	0	0	0	0	0	3
72	151	0	0.779476784	-536.249283	-530.196395	-597.678826	-506.297998	91.3808285	0	0	0	0	0	0	3
73	152	0	0.79030285	-536.287005	-528.890186	-575.161772	-506.297998	68.863774	0	0	0	0	0	0	3
74	154	0	0.801128917	-536.266204	-528.06262	-553.62461	-506.297998	47.3266126	0	0	0	0	0	0	3
75	156	0	0.811954983	-536.285052	-527.693694	-536.287005	-506.297998	29.9890066	0	0	0	0	0	0	3
76	158	0	0.82278105	-536.362981	-527.714047	-536.362981	-506.297998	30.064983	0	0	0	0	0	0	3
77	160	0	0.833607116	-536.328849	-528.040057	-536.362981	-506.297998	30.064983	0	0	0	0	0	0	3
78	162	0	0.844433183	-536.345886	-528.583966	-536.362981	-506.297998	30.064983	0	0	0	0	0	0	3
79	164	0	0.855259249	-536.341632	-529.220442	-536.362981	-506.297998	30.064983	0	0	0	0	0	0	3
80	166	0	0.866085316	-536.495342	-529.862939	-536.495342	-508.070693	28.4246491	0	0	0	0	0	0	3
81	167	0	0.876911382	-536.703326	-530.472144	-536.703326	-510.362844	26.340482	0	0	0	0	0	0	3
82	169	0	0.887737449	-536.759949	-531.033784	-536.759949	-513.985924	22.7740247	0	0	0	0	0	0	3
83	171	0	0.898563515	-536.661548	-531.511775	-536.759949	-513.985924	22.7740247	0	0	0	0	0	0	3
84	173	0	0.909389581	-536.766391	-531.989488	-536.766391	-513.985924	22.7804671	0	0	0	0	0	0	3
85	175	0	0.920215648	-536.796335	-532.474816	-536.796335	-514.011014	22.7853215	0	0	0	0	0	0	3
86	177	0	0.931041714	-536.58761	-532.955169	-536.796335	-514.709327	22.0870085	0	0	0	0	0	0	3
87	179	0	0.941867781	-536.673644	-533.422495	-536.796335	-519.321522	17.474813	0	0	0	0	0	0	3
88	181	0	0.952693847	-536.619876	-533.790545	-536.796335	-520.870697	15.9256381	0	0	0	0	0	0	3
89	183	0	0.963519914	-536.526469	-534.123647	-536.796335	-522.554231	14.242104	0	0	0	0	0	0	3
90	185	0	0.97434598	-536.438922	-534.419066	-536.796335	-524.072765	12.7235699	0	0	0	0	0	0	3
91	188	0	0.985172047	-536.481649	-534.683085	-536.796335	-525.226229	11.5701059	0	0	0	0	0	0	3
92	189	0	0.995998113	-536.431007	-534.921484	-536.796335	-529.649562	7.14677335	0	0	0	0	0	0	3
93	191	0	1.00682418	-536.399974	-535.06511	-536.796335	-530.197563	6.59877222	33.5040235	0	100	0	0	0	3
