Iteration	CPUTime	PhysTime	Travels	Value	AvValue	MinValue	MaxValue	Delta	Criteria	Progress	dGMaxMin	CriteriaType	CriteriaVarType	CriteriaPercentage
1	11	0	0.0108260664	0	0	0	0	0	0	0	0	0	0	0	3
2	13	0	0.0216521329	0	0	0	0	0	0	0	0	0	0	0	3
3	16	0	0.0324781993	0	0	0	0	0	0	0	0	0	0	0	3
4	18	0	0.0433042658	0	0	0	0	0	0	0	0	0	0	0	3
5	20	0	0.0541303322	0	0	0	0	0	0	0	0	0	0	0	3
6	22	0	0.0649563987	0	0	0	0	0	0	0	0	0	0	0	3
7	24	0	0.0757824651	0	0	0	0	0	0	0	0	0	0	0	3
8	26	0	0.0866085316	0	0	0	0	0	0	0	0	0	0	0	3
9	28	0	0.097434598	0	0	0	0	0	0	0	0	0	0	0	3
10	30	0	0.108260664	0	0	0	0	0	0	0	0	0	0	0	3
11	32	0	0.119086731	0	0	0	0	0	0	0	0	0	0	0	3
12	33	0	0.129912797	0	0	0	0	0	0	0	0	0	0	0	3
13	35	0	0.140738864	0	0	0	0	0	0	0	0	0	0	0	3
14	37	0	0.15156493	0	0	0	0	0	0	0	0	0	0	0	3
15	39	0	0.162390997	0	0	0	0	0	0	0	0	0	0	0	3
16	41	0	0.173217063	0	0	0	0	0	0	0	0	0	0	0	3
17	43	0	0.18404313	0	0	0	0	0	0	0	0	0	0	0	3
18	45	0	0.194869196	0	0	0	0	0	0	0	0	0	0	0	3
19	47	0	0.205695262	0	0	0	0	0	0	0	0	0	0	0	3
20	49	0	0.216521329	0	0	0	0	0	0	0	0	0	0	0	3
21	51	0	0.227347395	0	0	0	0	0	0	0	0	0	0	0	3
22	54	0	0.238173462	0	0	0	0	0	0	0	0	0	0	0	3
23	56	0	0.248999528	0	0	0	0	0	0	0	0	0	0	0	3
24	57	0	0.259825595	0	0	0	0	0	0	0	0	0	0	0	3
25	59	0	0.270651661	0	0	0	0	0	0	0	0	0	0	0	3
26	61	0	0.281477728	0	0	0	0	0	0	0	0	0	0	0	3
27	63	0	0.292303794	0	0	0	0	0	0	0	0	0	0	0	3
28	65	0	0.30312986	0	0	0	0	0	0	0	0	0	0	0	3
29	67	0	0.313955927	0	0	0	0	0	0	0	0	0	0	0	3
30	69	0	0.324781993	0	0	0	0	0	0	0	0	0	0	0	3
31	71	0	0.33560806	0	0	0	0	0	0	0	0	0	0	0	3
32	73	0	0.346434126	0	0	0	0	0	0	0	0	0	0	0	3
33	75	0	0.357260193	0	0	0	0	0	0	0	0	0	0	0	3
34	77	0	0.368086259	0	0	0	0	0	0	0	0	0	0	0	3
35	79	0	0.378912326	0	0	0	0	0	0	0	0	0	0	0	3
36	81	0	0.389738392	0	0	0	0	0	0	0	0	0	0	0	3
37	83	0	0.400564458	0	0	0	0	0	0	0	0	0	0	0	3
38	85	0	0.411390525	0	0	0	0	0	0	0	0	0	0	0	3
39	87	0	0.422216591	0	0	0	0	0	0	0	0	0	0	0	3
40	89	0	0.433042658	0	0	0	0	0	0	0	0	0	0	0	3
41	92	0	0.443868724	0	0	0	0	0	0	0	0	0	0	0	3
42	94	0	0.454694791	0	0	0	0	0	0	0	0	0	0	0	3
43	96	0	0.465520857	0	0	0	0	0	0	0	0	0	0	0	3
44	98	0	0.476346924	0	0	0	0	0	0	0	0	0	0	0	3
45	99	0	0.48717299	0	0	0	0	0	0	0	0	0	0	0	3
46	102	0	0.497999056	0	0	0	0	0	0	0	0	0	0	0	3
47	104	0	0.508825123	0	0	0	0	0	0	0	0	0	0	0	3
48	106	0	0.519651189	0	0	0	0	0	0	0	0	0	0	0	3
49	107	0	0.530477256	0	0	0	0	0	0	0	0	0	0	0	3
50	109	0	0.541303322	0	0	0	0	0	0	0	0	0	0	0	3
51	111	0	0.552129389	0	0	0	0	0	0	0	0	0	0	0	3
52	113	0	0.562955455	0	0	0	0	0	0	0	0	0	0	0	3
53	115	0	0.573781522	0	0	0	0	0	0	0	0	0	0	0	3
54	117	0	0.584607588	0	0	0	0	0	0	0	0	0	0	0	3
55	119	0	0.595433654	0	0	0	0	0	0	0	0	0	0	0	3
56	121	0	0.606259721	0	0	0	0	0	0	0	0	0	0	0	3
57	122	0	0.617085787	0	0	0	0	0	0	0	0	0	0	0	3
58	124	0	0.627911854	0	0	0	0	0	0	0	0	0	0	0	3
59	126	0	0.63873792	0	0	0	0	0	0	0	0	0	0	0	3
60	128	0	0.649563987	0	0	0	0	0	0	0	0	0	0	0	3
61	130	0	0.660390053	0	0	0	0	0	0	0	0	0	0	0	3
62	132	0	0.67121612	0	0	0	0	0	0	0	0	0	0	0	3
63	134	0	0.682042186	0	0	0	0	0	0	0	0	0	0	0	3
64	136	0	0.692868252	0	0	0	0	0	0	0	0	0	0	0	3
65	138	0	0.703694319	0	0	0	0	0	0	0	0	0	0	0	3
66	140	0	0.714520385	0	0	0	0	0	0	0	0	0	0	0	3
67	141	0	0.725346452	0	0	0	0	0	0	0	0	0	0	0	3
68	143	0	0.736172518	0	0	0	0	0	0	0	0	0	0	0	3
69	145	0	0.746998585	0	0	0	0	0	0	0	0	0	0	0	3
70	147	0	0.757824651	0	0	0	0	0	0	0	0	0	0	0	3
71	149	0	0.768650718	0	0	0	0	0	0	0	0	0	0	0	3
72	151	0	0.779476784	0	0	0	0	0	0	0	0	0	0	0	3
73	152	0	0.79030285	0	0	0	0	0	0	0	0	0	0	0	3
74	154	0	0.801128917	0	0	0	0	0	0	0	0	0	0	0	3
75	156	0	0.811954983	0	0	0	0	0	0	0	0	0	0	0	3
76	158	0	0.82278105	0	0	0	0	0	0	0	0	0	0	0	3
77	160	0	0.833607116	0	0	0	0	0	0	0	0	0	0	0	3
78	162	0	0.844433183	0	0	0	0	0	0	0	0	0	0	0	3
79	164	0	0.855259249	0	0	0	0	0	0	0	0	0	0	0	3
80	166	0	0.866085316	0	0	0	0	0	0	0	0	0	0	0	3
81	167	0	0.876911382	0	0	0	0	0	0	0	0	0	0	0	3
82	169	0	0.887737449	0	0	0	0	0	0	0	0	0	0	0	3
83	171	0	0.898563515	0	0	0	0	0	0	0	0	0	0	0	3
84	173	0	0.909389581	0	0	0	0	0	0	0	0	0	0	0	3
85	175	0	0.920215648	0	0	0	0	0	0	0	0	0	0	0	3
86	177	0	0.931041714	0	0	0	0	0	0	0	0	0	0	0	3
87	179	0	0.941867781	0	0	0	0	0	0	0	0	0	0	0	3
88	181	0	0.952693847	0	0	0	0	0	0	0	0	0	0	0	3
89	183	0	0.963519914	0	0	0	0	0	0	0	0	0	0	0	3
90	185	0	0.97434598	0	0	0	0	0	0	0	0	0	0	0	3
91	188	0	0.985172047	0	0	0	0	0	0	0	0	0	0	0	3
92	189	0	0.995998113	0	0	0	0	0	0	0	0	0	0	0	3
93	191	0	1.00682418	0	0	0	0	0	5e-06	0	0	0	0	0	3
