Iteration	CPUTime	PhysTime	Travels	Value	AvValue	MinValue	MaxValue	Delta	Criteria	Progress	dGMaxMin	CriteriaType	CriteriaVarType	CriteriaPercentage
1	11	0	0.0108260664	293.214433	293.214433	293.214433	293.214433	0	0	0	0	42.0351	0	0	3
2	13	0	0.0216521329	293.22844	293.221437	293.214433	293.22844	0.00700331543	0	0	0	43.2316	0	0	3
3	16	0	0.0324781993	293.241805	293.228226	293.214433	293.241805	0.0137926948	0	0	0	45.8505	0	0	3
4	18	0	0.0433042658	293.253876	293.234638	293.214433	293.253876	0.0202050459	0	0	0	46.8148	0	0	3
5	20	0	0.0541303322	293.264896	293.24069	293.214433	293.264896	0.0262566155	0	0	0	48.174	0	0	3
6	22	0	0.0649563987	293.280956	293.247401	293.214433	293.280956	0.03296758	0	0	0	51.8942	0	0	3
7	24	0	0.0757824651	293.298086	293.254642	293.214433	293.298086	0.0402083574	0	0	0	56.8123	0	0	3
8	26	0	0.0866085316	293.314405	293.262112	293.214433	293.314405	0.0476787078	0	0	0	60.2868	0	0	3
9	28	0	0.097434598	293.329346	293.269583	293.214433	293.329346	0.0551491056	0	0	0	62.2829	0	0	3
10	30	0	0.108260664	293.342837	293.276908	293.214433	293.342837	0.062474563	0	0	0	64.3715	0	0	3
11	32	0	0.119086731	293.359141	293.284384	293.214433	293.359141	0.0699502515	0	0	0	66.9103	0	0	3
12	33	0	0.129912797	293.373941	293.291847	293.214433	293.373941	0.0774133557	0	0	0	68.9515	0	0	3
13	35	0	0.140738864	293.387489	293.299204	293.214433	293.387489	0.0847704176	0	0	0	70.1568	0	0	3
14	37	0	0.15156493	293.399963	293.306401	293.214433	293.399963	0.091967492	0	0	0	71.1694	0	0	3
15	39	0	0.162390997	293.411367	293.313399	293.214433	293.411367	0.0989652447	0	0	0	71.9388	0	0	3
16	41	0	0.173217063	293.424871	293.320366	293.214433	293.424871	0.105932265	0	0	0	72.2751	0	0	3
17	43	0	0.18404313	293.43412	293.327057	293.214433	293.43412	0.112623713	0	0	0	72.0729	0	0	3
18	45	0	0.194869196	293.438735	293.333261	293.214433	293.438735	0.118828056	0	0	0	72.435	0	0	3
19	47	0	0.205695262	293.439291	293.338842	293.214433	293.439291	0.124408556	0	0	0	71.5118	0	0	3
20	49	0	0.216521329	293.437216	293.343761	293.214433	293.439291	0.129327256	0	0	0	71.8262	0	0	3
21	51	0	0.227347395	293.429943	293.347865	293.214433	293.439291	0.133431174	0	0	0	71.2462	0	0	3
22	54	0	0.238173462	293.427678	293.351492	293.214433	293.439291	0.137059041	0	0	0	71.3474	0	0	3
23	56	0	0.248999528	293.4318	293.354984	293.214433	293.439291	0.140550687	0	0	0	70.6068	0	0	3
24	57	0	0.259825595	293.441498	293.358589	293.214433	293.441498	0.14415543	0	0	0	70.5775	0	0	3
25	59	0	0.270651661	293.455134	293.362451	293.214433	293.455134	0.14801724	0	0	0	70.1298	0	0	3
26	61	0	0.281477728	293.481142	293.367016	293.214433	293.481142	0.152582298	0	0	0	70.2809	0	0	3
27	63	0	0.292303794	293.508466	293.372255	293.214433	293.508466	0.157821181	0	0	0	69.6881	0	0	3
28	65	0	0.30312986	293.535464	293.378084	293.214433	293.535464	0.163650072	0	0	0	69.475	0	0	3
29	67	0	0.313955927	293.559401	293.384336	293.214433	293.559401	0.169902397	0	0	0	69.158	0	0	3
30	69	0	0.324781993	293.577692	293.390781	293.214433	293.577692	0.176347592	0	0	0	68.4144	0	0	3
31	71	0	0.33560806	293.591886	293.397268	293.214433	293.591886	0.182834856	0	0	0	67.851	0	0	3
32	73	0	0.346434126	293.593285	293.403394	293.214433	293.593285	0.188960364	0	0	0	67.2185	0	0	3
33	75	0	0.357260193	293.586786	293.408951	293.214433	293.593285	0.194517707	0	0	0	66.8778	0	0	3
34	77	0	0.368086259	293.578997	293.413952	293.214433	293.593285	0.199519053	0	0	0	66.5492	0	0	3
35	79	0	0.378912326	293.573402	293.418508	293.214433	293.593285	0.204074765	0	0	0	66.3019	0	0	3
36	81	0	0.389738392	293.571175	293.422749	293.214433	293.593285	0.208315507	0	0	0	65.7853	0	0	3
37	83	0	0.400564458	293.573188	293.426815	293.214433	293.593285	0.212381439	0	0	0	65.4535	0	0	3
38	85	0	0.411390525	293.577555	293.430782	293.214433	293.593285	0.216348289	0	0	0	64.9694	0	0	3
39	87	0	0.422216591	293.582519	293.434672	293.214433	293.593285	0.220239001	0	0	0	64.394	0	0	3
40	89	0	0.433042658	293.58679	293.438475	293.214433	293.593285	0.224041928	0	0	0	63.7485	0	0	3
41	92	0	0.443868724	293.590762	293.44219	293.214433	293.593285	0.227756232	0	0	0	62.9388	0	0	3
42	94	0	0.454694791	293.592893	293.445778	293.214433	293.593285	0.231344406	0	0	0	62.1398	0	0	3
43	96	0	0.465520857	293.593612	293.449216	293.214433	293.593612	0.234782411	0	0	0	61.3482	0	0	3
44	98	0	0.476346924	293.593561	293.452496	293.214433	293.593612	0.238062977	0	0	0	60.5574	0	0	3
45	99	0	0.48717299	293.593356	293.455627	293.214433	293.593612	0.241193187	0	0	0	59.8036	0	0	3
46	102	0	0.497999056	293.593397	293.458622	293.214433	293.593612	0.244188191	0	0	0	59.0147	0	0	3
47	104	0	0.508825123	293.593593	293.461493	293.214433	293.593612	0.247059918	0	0	0	58.1988	0	0	3
48	106	0	0.519651189	293.594015	293.46957	293.22844	293.594015	0.248132813	0	0	0	57.4774	0	0	3
49	107	0	0.530477256	293.594593	293.47736	293.241805	293.594593	0.249133921	0	0	0	56.7868	0	0	3
50	109	0	0.541303322	293.595296	293.484881	293.253876	293.595296	0.250242665	0	0	0	56.1885	0	0	3
51	111	0	0.552129389	293.5961	293.492163	293.264896	293.5961	0.251472461	0	0	0	55.7156	0	0	3
52	113	0	0.562955455	293.596957	293.499228	293.280956	293.596957	0.251826611	0	0	0	55.3124	0	0	3
53	115	0	0.573781522	293.597791	293.505969	293.298086	293.597791	0.251327012	0	0	0	54.9723	0	0	3
54	117	0	0.584607588	293.598625	293.512363	293.314405	293.598625	0.250251092	0	0	0	54.7675	0	0	3
55	119	0	0.595433654	293.599391	293.518427	293.329346	293.599391	0.248844229	0	0	0	54.5753	0	0	3
56	121	0	0.606259721	293.600125	293.524188	293.342837	293.600125	0.247280038	0	0	0	54.369	0	0	3
57	122	0	0.617085787	293.600753	293.529676	293.359141	293.600753	0.241612681	0	0	0	54.2871	0	0	3
58	124	0	0.627911854	293.601338	293.534829	293.373941	293.601338	0.227396936	0	0	0	54.1863	0	0	3
59	126	0	0.63873792	293.601784	293.539676	293.387489	293.601784	0.214294944	0	0	0	54.1401	0	0	3
60	128	0	0.649563987	293.602167	293.544244	293.399963	293.602167	0.202203627	0	0	0	53.7319	0	0	3
61	130	0	0.660390053	293.602429	293.548552	293.411367	293.602429	0.191061432	0	0	0	53.5715	0	0	3
62	132	0	0.67121612	293.602615	293.552621	293.424871	293.602615	0.177743661	0	0	0	53.4925	0	0	3
63	134	0	0.682042186	293.602704	293.556405	293.427678	293.602704	0.175026179	0	0	0	53.4604	0	0	3
64	136	0	0.692868252	293.60276	293.559993	293.427678	293.60276	0.175082781	0	0	0	53.3914	0	0	3
65	138	0	0.703694319	293.60274	293.563482	293.427678	293.60276	0.175082781	0	0	0	53.3084	0	0	3
66	140	0	0.714520385	293.602698	293.566959	293.427678	293.60276	0.175082781	0	0	0	53.3218	0	0	3
67	141	0	0.725346452	293.60261	293.570478	293.427678	293.60276	0.175082781	0	0	0	53.2543	0	0	3
68	143	0	0.736172518	293.602555	293.574151	293.427678	293.60276	0.175082781	0	0	0	53.2752	0	0	3
69	145	0	0.746998585	293.6025	293.57787	293.4318	293.60276	0.170960151	0	0	0	53.1882	0	0	3
70	147	0	0.757824651	293.602502	293.581502	293.441498	293.60276	0.161262531	0	0	0	53.2558	0	0	3
71	149	0	0.768650718	293.602518	293.584928	293.455134	293.60276	0.147626352	0	0	0	53.2541	0	0	3
72	151	0	0.779476784	293.60258	293.588065	293.481142	293.60276	0.12161829	0	0	0	53.3003	0	0	3
73	152	0	0.79030285	293.602625	293.59065	293.508466	293.60276	0.0942949157	0	0	0	53.2137	0	0	3
74	154	0	0.801128917	293.602697	293.592655	293.535464	293.60276	0.0672969196	0	0	0	53.3271	0	0	3
75	156	0	0.811954983	293.602761	293.594087	293.559401	293.602761	0.0433598911	0	0	0	53.2365	0	0	3
76	158	0	0.82278105	293.602864	293.595011	293.571175	293.602864	0.0316890176	0	0	0	53.8046	0	0	3
77	160	0	0.833607116	293.602939	293.595549	293.571175	293.602939	0.0317636501	0	0	0	54.2269	0	0	3
78	162	0	0.844433183	293.603052	293.595786	293.571175	293.603052	0.0318765931	0	0	0	54.4901	0	0	3
79	164	0	0.855259249	293.603147	293.595996	293.571175	293.603147	0.0319724926	0	0	0	54.651	0	0	3
80	166	0	0.866085316	293.603267	293.596347	293.571175	293.603267	0.0320918582	0	0	0	54.8027	0	0	3
81	167	0	0.876911382	293.603352	293.596865	293.571175	293.603352	0.0321770369	0	0	0	54.3501	0	0	3
82	169	0	0.887737449	293.603476	293.597505	293.571175	293.603476	0.0323012923	0	0	0	53.9202	0	0	3
83	171	0	0.898563515	293.603576	293.598194	293.573188	293.603576	0.0303871856	0	0	0	53.5765	0	0	3
84	173	0	0.909389581	293.603708	293.598844	293.577555	293.603708	0.0261532575	0	0	0	53.3752	0	0	3
85	175	0	0.920215648	293.603823	293.599402	293.582519	293.603823	0.021303827	0	0	0	53.2338	0	0	3
86	177	0	0.931041714	293.603954	293.599858	293.58679	293.603954	0.017164584	0	0	0	53.3779	0	0	3
87	179	0	0.941867781	293.604059	293.600226	293.590762	293.604059	0.0132969602	0	0	0	53.2508	0	0	3
88	181	0	0.952693847	293.604188	293.600512	293.592893	293.604188	0.011294548	0	0	0	53.3886	0	0	3
89	183	0	0.963519914	293.604284	293.600754	293.593356	293.604284	0.0109277933	0	0	0	53.2625	0	0	3
90	185	0	0.97434598	293.604376	293.600983	293.593356	293.604376	0.0110204851	0	0	0	53.391	0	0	3
91	188	0	0.985172047	293.604428	293.601214	293.593356	293.604428	0.0110718861	0	0	0	53.2818	0	0	3
92	189	0	0.995998113	293.604484	293.601451	293.593397	293.604484	0.0110877081	0	0	0	53.4145	0	0	3
93	191	0	1.00682418	293.604512	293.601687	293.593593	293.604512	0.0109196523	0.0108812264	0	0	53.3295	0	0	3
